route_id,service_id,trip_id,trip_headsign,trip_short_name,direction_id,block_id,shape_id,wheelchair_accessible,bikes_allowed
10,13,10_1002_13_26700,,,1,,shp_10_1002,0,0
13,15,13_1301_15_55200,,,0,,shp_13_1301,0,0
3,7,3_304_7_68700,,,1,,shp_3_304,0,0
5,15,5_502_15_63900,,,1,,shp_5_502,0,0
3,15,3_303_15_57780,,,0,,shp_3_303,0,0
20,15,20_2001_15_63900,,,0,,shp_20_2001,0,0
5,15,5_501_15_48300,,,0,,shp_5_501,0,0
8,15,8_801_15_60000,,,0,,shp_8_801,0,0
8,15,8_801_15_25500,,,0,,shp_8_801,0,0
5,14,5_501_14_66300,,,0,,shp_5_501,0,0
13,7,13_1302_7_64800,,,1,,shp_13_1302,0,0
8,7,8_802_7_50400,,,1,,shp_8_802,0,0
13,13,13_1302_13_54600,,,1,,shp_13_1302,0,0
5,7,5_501_7_41100,,,0,,shp_5_501,0,0
6,15,6_602_15_64200,,,1,,shp_6_602,0,0
10,14,10_1002_14_71700,,,1,,shp_10_1002,0,0
10,14,10_1002_14_60900,,,1,,shp_10_1002,0,0
3,15,3_304_15_72000,,,1,,shp_3_304,0,0
13,13,13_1302_13_43800,,,1,,shp_13_1302,0,0
11,13,11_1102_13_60000,,,1,,shp_11_1102,0,0
11,15,11_1101_15_54600,,,0,,shp_11_1101,0,0
4,13,4_403_13_59580,,,0,,shp_4_403,0,0
3,14,3_304_14_69300,,,1,,shp_3_304,0,0
6,7,6_602_7_80100,,,1,,shp_6_602,0,0
10,15,10_1002_15_42900,,,1,,shp_10_1002,0,0
12,7,12_1202_7_56700,,,1,,shp_12_1202,0,0
7,7,7_702_7_81900,,,1,,shp_7_702,0,0
10,15,10_1002_15_53700,,,1,,shp_10_1002,0,0
5,15,5_501_15_37500,,,0,,shp_5_501,0,0
5,13,5_502_13_36900,,,1,,shp_5_502,0,0
6,15,6_602_15_53400,,,1,,shp_6_602,0,0
4,13,4_403_13_48780,,,0,,shp_4_403,0,0
13,15,13_1301_15_44400,,,0,,shp_13_1301,0,0
41,7,41_4102_7_7500,,,1,,shp_41_4102,0,0
5,14,5_501_14_77100,,,0,,shp_5_501,0,0
6,7,6_602_7_42600,,,1,,shp_6_602,0,0
5,13,5_502_13_47700,,,1,,shp_5_502,0,0
4,13,4_404_13_63000,,,1,,shp_4_404,0,0
5,15,5_501_15_59100,,,0,,shp_5_501,0,0
11,14,11_1101_14_44100,,,0,,shp_11_1101,0,0
11,15,11_1101_15_43800,,,0,,shp_11_1101,0,0
3,14,3_303_14_22680,,,0,,shp_3_303,0,0
5,14,5_502_14_29700,,,1,,shp_5_502,0,0
20,15,20_2002_15_64800,,,1,,shp_20_2002,0,0
3,13,3_303_13_40680,,,0,,shp_3_303,0,0
12,7,12_1202_7_45900,,,1,,shp_12_1202,0,0
11,14,11_1101_14_33300,,,0,,shp_11_1101,0,0
10,13,10_1003_13_62100,,,0,,shp_10_1003,0,0
10,14,10_1003_14_44100,,,0,,shp_10_1003,0,0
5,13,5_502_13_58500,,,1,,shp_5_502,0,0
13,13,13_1301_13_25200,,,0,,shp_13_1301,0,0
3,13,3_304_13_34200,,,1,,shp_3_304,0,0
13,7,13_1301_7_39600,,,0,,shp_13_1301,0,0
3,13,3_303_13_62280,,,0,,shp_3_303,0,0
41,14,41_4101_14_16200,,,0,,shp_41_4101,0,0
12,14,12_1201_14_36900,,,0,,shp_12_1201,0,0
13,7,13_1302_7_75600,,,1,,shp_13_1302,0,0
3,15,3_303_15_26280,,,0,,shp_3_303,0,0
10,14,10_1002_14_82500,,,1,,shp_10_1002,0,0
8,7,8_801_7_33000,,,0,,shp_8_801,0,0
3,13,3_303_13_19980,,,0,,shp_3_303,0,0
9,13,9_901_13_55800,,,0,,shp_9_901,0,0
8,7,8_802_7_61200,,,1,,shp_8_802,0,0
5,13,5_501_13_73500,,,0,,shp_5_501,0,0
3,14,3_303_14_64980,,,0,,shp_3_303,0,0
12,15,12_1202_15_51300,,,1,,shp_12_1202,0,0
2,14,2_203_14_60300,,,0,,shp_2_203,0,0
3,7,3_303_7_47880,,,0,,shp_3_303,0,0
3,14,3_303_14_25680,,,0,,shp_3_303,0,0
5,15,5_502_15_74700,,,1,,shp_5_502,0,0
2,15,2_203_15_31500,,,0,,shp_2_203,0,0
3,14,3_303_14_47280,,,0,,shp_3_303,0,0
6,13,6_602_13_48000,,,1,,shp_6_602,0,0
6,15,6_602_15_29700,,,1,,shp_6_602,0,0
13,14,13_1302_14_39600,,,1,,shp_13_1302,0,0
4,7,4_404_7_73500,,,1,,shp_4_404,0,0
11,15,11_1101_15_76200,,,0,,shp_11_1101,0,0
3,15,3_303_15_37080,,,0,,shp_3_303,0,0
12,7,12_1201_7_72900,,,0,,shp_12_1201,0,0
40,7,40_4002_7_16200,,,1,,shp_40_4002,0,0
8,13,8_801_13_34800,,,0,,shp_8_801,0,0
9,15,9_901_15_70200,,,0,,shp_9_901,0,0
6,7,6_602_7_29700,,,1,,shp_6_602,0,0
13,13,13_1302_13_76200,,,1,,shp_13_1302,0,0
13,7,13_1301_7_28800,,,0,,shp_13_1301,0,0
12,14,12_1201_14_58500,,,0,,shp_12_1201,0,0
5,14,5_501_14_33900,,,0,,shp_5_501,0,0
12,15,12_1202_15_62100,,,1,,shp_12_1202,0,0
7,15,7_701_15_51900,,,0,,shp_7_701,0,0
11,15,11_1102_15_28800,,,1,,shp_11_1102,0,0
12,13,12_1201_13_53100,,,0,,shp_12_1201,0,0
13,15,13_1302_15_73800,,,1,,shp_13_1302,0,0
13,15,13_1301_15_33600,,,0,,shp_13_1301,0,0
6,15,6_602_15_80100,,,1,,shp_6_602,0,0
3,15,3_304_15_50400,,,1,,shp_3_304,0,0
10,13,10_1003_13_40500,,,0,,shp_10_1003,0,0
12,14,12_1201_14_47700,,,0,,shp_12_1201,0,0
5,15,5_501_15_26700,,,0,,shp_5_501,0,0
12,7,12_1202_7_67500,,,1,,shp_12_1202,0,0
6,15,6_601_15_25800,,,0,,shp_6_601,0,0
12,13,12_1201_13_65700,,,0,,shp_12_1201,0,0
12,13,12_1202_13_35100,,,1,,shp_12_1202,0,0
10,13,10_1003_13_51300,,,0,,shp_10_1003,0,0
6,14,6_602_14_60600,,,1,,shp_6_602,0,0
11,13,11_1102_13_75600,,,1,,shp_11_1102,0,0
11,13,11_1101_13_35400,,,0,,shp_11_1101,0,0
12,13,12_1201_13_23400,,,0,,shp_12_1201,0,0
12,15,12_1202_15_81000,,,1,,shp_12_1202,0,0
4,13,4_404_13_41400,,,1,,shp_4_404,0,0
10,7,10_1003_7_65700,,,0,,shp_10_1003,0,0
10,14,10_1003_14_33300,,,0,,shp_10_1003,0,0
5,13,5_502_13_69300,,,1,,shp_5_502,0,0
9,7,9_901_7_25200,,,0,,shp_9_901,0,0
13,13,13_1302_13_65400,,,1,,shp_13_1302,0,0
10,15,10_1003_15_26100,,,0,,shp_10_1003,0,0
2,14,2_203_14_71100,,,0,,shp_2_203,0,0
10,15,10_1002_15_64500,,,1,,shp_10_1002,0,0
12,13,12_1201_13_54900,,,0,,shp_12_1201,0,0
11,13,11_1102_13_55200,,,1,,shp_11_1102,0,0
3,14,3_303_14_36480,,,0,,shp_3_303,0,0
13,15,13_1301_15_66000,,,0,,shp_13_1301,0,0
3,13,3_304_13_54900,,,1,,shp_3_304,0,0
4,7,4_404_7_62700,,,1,,shp_4_404,0,0
8,13,8_802_13_70200,,,1,,shp_8_802,0,0
13,13,13_1302_13_49800,,,1,,shp_13_1302,0,0
12,14,12_1201_14_35100,,,0,,shp_12_1201,0,0
8,7,8_802_7_72000,,,1,,shp_8_802,0,0
3,7,3_303_7_58680,,,0,,shp_3_303,0,0
5,14,5_502_14_80100,,,1,,shp_5_502,0,0
9,13,9_904_13_58500,,,1,,shp_9_904,0,0
11,7,11_1102_7_72300,,,1,,shp_11_1102,0,0
6,13,6_602_13_37200,,,1,,shp_6_602,0,0
11,15,11_1101_15_45000,,,0,,shp_11_1101,0,0
6,15,6_601_15_47400,,,0,,shp_6_601,0,0
13,15,13_1301_15_39600,,,0,,shp_13_1301,0,0
6,14,6_601_14_65400,,,0,,shp_6_601,0,0
9,13,9_904_13_36900,,,1,,shp_9_904,0,0
11,14,11_1102_14_79200,,,1,,shp_11_1102,0,0
11,7,11_1101_7_67500,,,0,,shp_11_1101,0,0
8,14,8_802_14_64800,,,1,,shp_8_802,0,0
11,13,11_1102_13_44400,,,1,,shp_11_1102,0,0
12,15,12_1202_15_63900,,,1,,shp_12_1202,0,0
8,15,8_802_15_46800,,,1,,shp_8_802,0,0
2,15,2_205_15_50700,,,0,,shp_2_205,0,0
13,15,13_1302_15_34200,,,1,,shp_13_1302,0,0
12,7,12_1201_7_33300,,,0,,shp_12_1201,0,0
6,13,6_601_13_58200,,,0,,shp_6_601,0,0
8,15,8_801_15_58200,,,0,,shp_8_801,0,0
7,15,7_702_15_24300,,,1,,shp_7_702,0,0
5,13,5_502_13_24300,,,1,,shp_5_502,0,0
13,7,13_1301_7_52200,,,0,,shp_13_1301,0,0
7,13,7_702_13_60300,,,1,,shp_7_702,0,0
7,14,7_702_14_42300,,,1,,shp_7_702,0,0
7,7,7_701_7_30300,,,0,,shp_7_701,0,0
5,7,5_502_7_67500,,,1,,shp_5_502,0,0
8,14,8_801_14_76200,,,0,,shp_8_801,0,0
11,14,11_1101_14_78300,,,0,,shp_11_1101,0,0
5,15,5_501_15_50100,,,0,,shp_5_501,0,0
8,13,8_802_13_57600,,,1,,shp_8_802,0,0
47,7,47_4702_7_12600,,,0,,shp_47_4702,0,0
5,7,5_502_7_78300,,,1,,shp_5_502,0,0
3,14,3_304_14_39900,,,1,,shp_3_304,0,0
2,13,2_203_13_38700,,,0,,shp_2_203,0,0
6,7,6_601_7_33000,,,0,,shp_6_601,0,0
11,7,11_1102_7_67500,,,1,,shp_11_1102,0,0
8,14,8_802_14_39600,,,1,,shp_8_802,0,0
12,13,12_1202_13_36900,,,1,,shp_12_1202,0,0
4,15,4_403_15_63180,,,0,,shp_4_403,0,0
12,13,12_1201_13_31500,,,0,,shp_12_1201,0,0
11,15,11_1102_15_33600,,,1,,shp_11_1102,0,0
6,14,6_601_14_76200,,,0,,shp_6_601,0,0
3,15,3_303_15_45180,,,0,,shp_3_303,0,0
13,7,13_1301_7_63000,,,0,,shp_13_1301,0,0
11,15,11_1102_15_74400,,,1,,shp_11_1102,0,0
8,7,8_801_7_72600,,,0,,shp_8_801,0,0
11,15,11_1101_15_23400,,,0,,shp_11_1101,0,0
4,15,4_404_15_77400,,,1,,shp_4_404,0,0
13,14,13_1302_14_52200,,,1,,shp_13_1302,0,0
20,14,20_2002_14_21600,,,1,,shp_20_2002,0,0
9,13,9_904_13_72900,,,1,,shp_9_904,0,0
7,14,7_701_14_41100,,,0,,shp_7_701,0,0
13,14,13_1301_14_68400,,,0,,shp_13_1301,0,0
41,14,41_4102_14_11100,,,1,,shp_41_4102,0,0
4,15,4_403_15_25380,,,0,,shp_4_403,0,0
11,7,11_1101_7_45900,,,0,,shp_11_1101,0,0
11,7,11_1102_7_29700,,,1,,shp_11_1102,0,0
12,13,12_1202_13_74700,,,1,,shp_12_1202,0,0
20,13,20_2002_13_50400,,,1,,shp_20_2002,0,0
8,13,8_801_13_56400,,,0,,shp_8_801,0,0
5,7,5_502_7_29700,,,1,,shp_5_502,0,0
13,13,13_1302_13_34200,,,1,,shp_13_1302,0,0
2,14,2_204_14_59400,,,1,,shp_2_204,0,0
11,15,11_1101_15_49800,,,0,,shp_11_1101,0,0
40,7,40_4001_7_9000,,,0,,shp_40_4001,0,0
3,13,3_303_13_54180,,,0,,shp_3_303,0,0
6,15,6_602_15_31800,,,1,,shp_6_602,0,0
10,7,10_1003_7_54900,,,0,,shp_10_1003,0,0
11,14,11_1102_14_76500,,,1,,shp_11_1102,0,0
8,13,8_801_13_72600,,,0,,shp_8_801,0,0
5,7,5_502_7_45900,,,1,,shp_5_502,0,0
12,13,12_1202_13_69300,,,1,,shp_12_1202,0,0
4,7,4_403_7_77280,,,0,,shp_4_403,0,0
13,13,13_1301_13_36000,,,0,,shp_13_1301,0,0
12,13,12_1201_13_76500,,,0,,shp_12_1201,0,0
12,15,12_1201_15_29700,,,0,,shp_12_1201,0,0
2,7,2_203_7_42300,,,0,,shp_2_203,0,0
3,13,3_304_13_65700,,,1,,shp_3_304,0,0
5,13,5_501_13_51900,,,0,,shp_5_501,0,0
11,13,11_1102_13_64800,,,1,,shp_11_1102,0,0
8,15,8_801_15_61800,,,0,,shp_8_801,0,0
11,14,11_1101_14_45900,,,0,,shp_11_1101,0,0
3,15,3_304_15_54900,,,1,,shp_3_304,0,0
3,14,3_304_14_72900,,,1,,shp_3_304,0,0
11,14,11_1102_14_38700,,,1,,shp_11_1102,0,0
6,13,6_601_13_61800,,,0,,shp_6_601,0,0
11,15,11_1101_15_65400,,,0,,shp_11_1101,0,0
11,13,11_1101_13_46200,,,0,,shp_11_1101,0,0
13,7,13_1302_7_52200,,,1,,shp_13_1302,0,0
8,15,8_802_15_72000,,,1,,shp_8_802,0,0
11,15,11_1102_15_66000,,,1,,shp_11_1102,0,0
13,15,13_1301_15_75600,,,0,,shp_13_1301,0,0
5,15,5_502_15_51300,,,1,,shp_5_502,0,0
41,14,41_4102_14_300,,,1,,shp_41_4102,0,0
7,15,7_701_15_73500,,,0,,shp_7_701,0,0
5,14,5_501_14_55500,,,0,,shp_5_501,0,0
11,13,11_1101_13_76200,,,0,,shp_11_1101,0,0
2,15,2_204_15_66600,,,1,,shp_2_204,0,0
3,15,3_304_15_18900,,,1,,shp_3_304,0,0
8,15,8_802_15_34200,,,1,,shp_8_802,0,0
6,13,6_602_13_54900,,,1,,shp_6_602,0,0
3,14,3_303_14_58080,,,0,,shp_3_303,0,0
13,13,13_1302_13_70200,,,1,,shp_13_1302,0,0
10,15,10_1003_15_54900,,,0,,shp_10_1003,0,0
7,15,7_701_15_23100,,,0,,shp_7_701,0,0
10,7,10_1002_7_75300,,,1,,shp_10_1002,0,0
10,13,10_1002_13_50100,,,1,,shp_10_1002,0,0
3,15,3_303_15_65880,,,0,,shp_3_303,0,0
12,14,12_1202_14_56700,,,1,,shp_12_1202,0,0
13,14,13_1302_14_28800,,,1,,shp_13_1302,0,0
11,15,11_1101_15_81000,,,0,,shp_11_1101,0,0
12,14,12_1202_14_44100,,,1,,shp_12_1202,0,0
12,15,12_1201_15_53100,,,0,,shp_12_1201,0,0
7,13,7_702_13_22500,,,1,,shp_7_702,0,0
2,13,2_204_13_77400,,,1,,shp_2_204,0,0
13,14,13_1301_14_34200,,,0,,shp_13_1301,0,0
9,7,9_904_7_54900,,,1,,shp_9_904,0,0
20,14,20_2002_14_79200,,,1,,shp_20_2002,0,0
10,13,10_1003_13_27900,,,0,,shp_10_1003,0,0
11,14,11_1101_14_75900,,,0,,shp_11_1101,0,0
12,15,12_1201_15_45900,,,0,,shp_12_1201,0,0
4,14,4_404_14_59100,,,1,,shp_4_404,0,0
5,15,5_502_15_49500,,,1,,shp_5_502,0,0
5,14,5_502_14_67500,,,1,,shp_5_502,0,0
10,14,10_1002_14_46500,,,1,,shp_10_1002,0,0
4,15,4_404_15_52200,,,1,,shp_4_404,0,0
13,14,13_1302_14_75600,,,1,,shp_13_1302,0,0
13,15,13_1302_15_31800,,,1,,shp_13_1302,0,0
10,15,10_1003_15_62100,,,0,,shp_10_1003,0,0
11,13,11_1101_13_66600,,,0,,shp_11_1101,0,0
2,13,2_204_13_52200,,,1,,shp_2_204,0,0
11,15,11_1101_15_29400,,,0,,shp_11_1101,0,0
11,13,11_1102_13_36000,,,1,,shp_11_1102,0,0
10,14,10_1003_14_80100,,,0,,shp_10_1003,0,0
11,13,11_1101_13_65400,,,0,,shp_11_1101,0,0
3,13,3_303_13_37080,,,0,,shp_3_303,0,0
5,7,5_502_7_44100,,,1,,shp_5_502,0,0
3,15,3_303_15_19980,,,0,,shp_3_303,0,0
41,14,41_4101_14_1800,,,0,,shp_41_4101,0,0
47,7,47_4702_7_1800,,,0,,shp_47_4702,0,0
13,13,13_1301_13_78000,,,0,,shp_13_1301,0,0
12,7,12_1201_7_69300,,,0,,shp_12_1201,0,0
3,15,3_304_15_65700,,,1,,shp_3_304,0,0
5,15,5_501_15_51900,,,0,,shp_5_501,0,0
7,7,7_702_7_45900,,,1,,shp_7_702,0,0
9,15,9_904_15_58500,,,1,,shp_9_904,0,0
11,7,11_1101_7_78900,,,0,,shp_11_1101,0,0
5,13,5_501_13_57300,,,0,,shp_5_501,0,0
5,13,5_502_13_72900,,,1,,shp_5_502,0,0
13,15,13_1302_15_43800,,,1,,shp_13_1302,0,0
13,13,13_1301_13_56400,,,0,,shp_13_1301,0,0
2,13,2_204_13_63000,,,1,,shp_2_204,0,0
20,13,20_2001_13_63900,,,0,,shp_20_2001,0,0
5,15,5_502_15_36900,,,1,,shp_5_502,0,0
40,14,40_4002_14_19800,,,1,,shp_40_4002,0,0
8,14,8_801_14_43800,,,0,,shp_8_801,0,0
6,13,6_601_13_25800,,,0,,shp_6_601,0,0
10,15,10_1003_15_40500,,,0,,shp_10_1003,0,0
11,15,11_1102_15_58800,,,1,,shp_11_1102,0,0
4,14,4_404_14_37500,,,1,,shp_4_404,0,0
6,15,6_602_15_37200,,,1,,shp_6_602,0,0
40,7,40_4001_7_16200,,,0,,shp_40_4001,0,0
8,13,8_802_13_32400,,,1,,shp_8_802,0,0
10,14,10_1002_14_57300,,,1,,shp_10_1002,0,0
8,14,8_801_14_40200,,,0,,shp_8_801,0,0
7,13,7_702_13_45900,,,1,,shp_7_702,0,0
2,14,2_204_14_34200,,,1,,shp_2_204,0,0
7,14,7_701_14_66300,,,0,,shp_7_701,0,0
12,15,12_1201_15_67500,,,0,,shp_12_1201,0,0
9,14,9_904_14_65700,,,1,,shp_9_904,0,0
5,13,5_501_13_48300,,,0,,shp_5_501,0,0
10,13,10_1002_13_64500,,,1,,shp_10_1002,0,0
10,13,10_1002_13_42900,,,1,,shp_10_1002,0,0
4,15,4_403_15_59580,,,0,,shp_4_403,0,0
2,14,2_203_14_35100,,,0,,shp_2_203,0,0
12,14,12_1202_14_33300,,,1,,shp_12_1202,0,0
12,15,12_1202_15_26100,,,1,,shp_12_1202,0,0
11,14,11_1101_14_71100,,,0,,shp_11_1101,0,0
12,14,12_1201_14_71100,,,0,,shp_12_1201,0,0
2,13,2_204_13_66600,,,1,,shp_2_204,0,0
7,7,7_702_7_42300,,,1,,shp_7_702,0,0
8,7,8_802_7_36000,,,1,,shp_8_802,0,0
3,13,3_303_13_46980,,,0,,shp_3_303,0,0
5,13,5_501_13_37500,,,0,,shp_5_501,0,0
6,13,6_601_13_36600,,,0,,shp_6_601,0,0
8,14,8_801_14_54600,,,0,,shp_8_801,0,0
13,15,13_1302_15_64200,,,1,,shp_13_1302,0,0
8,7,8_801_7_61800,,,0,,shp_8_801,0,0
7,15,7_701_15_37500,,,0,,shp_7_701,0,0
7,14,7_701_14_55500,,,0,,shp_7_701,0,0
9,15,9_901_15_55800,,,0,,shp_9_901,0,0
11,15,11_1102_15_60000,,,1,,shp_11_1102,0,0
12,15,12_1201_15_54900,,,0,,shp_12_1201,0,0
8,15,8_801_15_36600,,,0,,shp_8_801,0,0
13,13,13_1301_13_45600,,,0,,shp_13_1301,0,0
8,13,8_802_13_43200,,,1,,shp_8_802,0,0
6,7,6_601_7_58200,,,0,,shp_6_601,0,0
13,7,13_1301_7_66600,,,0,,shp_13_1301,0,0
12,13,12_1201_13_27900,,,0,,shp_12_1201,0,0
6,15,6_601_15_69000,,,0,,shp_6_601,0,0
5,15,5_501_15_64500,,,0,,shp_5_501,0,0
12,13,12_1202_13_58500,,,1,,shp_12_1202,0,0
5,14,5_502_14_53100,,,1,,shp_5_502,0,0
7,15,7_702_15_71100,,,1,,shp_7_702,0,0
5,15,5_501_15_22200,,,0,,shp_5_501,0,0
2,15,2_204_15_70200,,,1,,shp_2_204,0,0
3,15,3_304_15_36000,,,1,,shp_3_304,0,0
11,7,11_1102_7_44100,,,1,,shp_11_1102,0,0
11,7,11_1101_7_60300,,,0,,shp_11_1101,0,0
3,15,3_303_15_40680,,,0,,shp_3_303,0,0
4,15,4_404_15_63000,,,1,,shp_4_404,0,0
9,7,9_901_7_63000,,,0,,shp_9_901,0,0
13,14,13_1301_14_54000,,,0,,shp_13_1301,0,0
6,13,6_602_13_29700,,,1,,shp_6_602,0,0
5,14,5_501_14_39300,,,0,,shp_5_501,0,0
8,13,8_802_13_46800,,,1,,shp_8_802,0,0
8,14,8_802_14_75600,,,1,,shp_8_802,0,0
11,14,11_1102_14_40500,,,1,,shp_11_1102,0,0
2,14,2_204_14_45000,,,1,,shp_2_204,0,0
3,14,3_304_14_36300,,,1,,shp_3_304,0,0
13,15,13_1302_15_37800,,,1,,shp_13_1302,0,0
6,13,6_602_13_40800,,,1,,shp_6_602,0,0
12,7,12_1201_7_36900,,,0,,shp_12_1201,0,0
5,14,5_502_14_54900,,,1,,shp_5_502,0,0
7,7,7_702_7_78300,,,1,,shp_7_702,0,0
11,15,11_1102_15_64800,,,1,,shp_11_1102,0,0
11,13,11_1101_13_55800,,,0,,shp_11_1101,0,0
8,13,8_801_13_61800,,,0,,shp_8_801,0,0
11,15,11_1102_15_63600,,,1,,shp_11_1102,0,0
5,15,5_502_15_35100,,,1,,shp_5_502,0,0
13,7,13_1302_7_27000,,,1,,shp_13_1302,0,0
11,13,11_1101_13_71400,,,0,,shp_11_1101,0,0
10,13,10_1002_13_75300,,,1,,shp_10_1002,0,0
47,7,47_4701_7_12600,,,0,,shp_47_4701,0,0
11,15,11_1102_15_43200,,,1,,shp_11_1102,0,0
13,15,13_1302_15_54600,,,1,,shp_13_1302,0,0
10,15,10_1002_15_26700,,,1,,shp_10_1002,0,0
11,13,11_1101_13_51000,,,0,,shp_11_1101,0,0
12,15,12_1201_15_31500,,,0,,shp_12_1201,0,0
7,15,7_701_15_48300,,,0,,shp_7_701,0,0
13,7,13_1302_7_30600,,,1,,shp_13_1302,0,0
11,15,11_1102_15_44400,,,1,,shp_11_1102,0,0
13,13,13_1301_13_61200,,,0,,shp_13_1301,0,0
9,14,9_901_14_50400,,,0,,shp_9_901,0,0
13,15,13_1302_15_53400,,,1,,shp_13_1302,0,0
8,15,8_802_15_50400,,,1,,shp_8_802,0,0
9,15,9_904_15_47700,,,1,,shp_9_904,0,0
41,14,41_4102_14_7500,,,1,,shp_41_4102,0,0
5,15,5_502_15_26100,,,1,,shp_5_502,0,0
4,15,4_404_15_66600,,,1,,shp_4_404,0,0
2,15,2_206_15_29400,,,1,,shp_2_206,0,0
10,15,10_1003_15_76500,,,0,,shp_10_1003,0,0
2,14,2_204_14_48600,,,1,,shp_2_204,0,0
6,15,6_601_15_52800,,,0,,shp_6_601,0,0
7,7,7_702_7_31500,,,1,,shp_7_702,0,0
5,7,5_501_7_64500,,,0,,shp_5_501,0,0
13,13,13_1302_13_46200,,,1,,shp_13_1302,0,0
2,15,2_206_15_79800,,,1,,shp_2_206,0,0
4,13,4_403_13_25380,,,0,,shp_4_403,0,0
13,14,13_1301_14_57600,,,0,,shp_13_1301,0,0
4,15,4_403_15_52380,,,0,,shp_4_403,0,0
5,7,5_502_7_54900,,,1,,shp_5_502,0,0
13,15,13_1302_15_33000,,,1,,shp_13_1302,0,0
13,14,13_1302_14_41400,,,1,,shp_13_1302,0,0
4,14,4_403_14_70380,,,0,,shp_4_403,0,0
47,14,47_4701_14_9000,,,0,,shp_47_4701,0,0
11,13,11_1101_13_49800,,,0,,shp_11_1101,0,0
2,15,2_204_15_77400,,,1,,shp_2_204,0,0
11,13,11_1101_13_81000,,,0,,shp_11_1101,0,0
2,13,2_203_13_63900,,,0,,shp_2_203,0,0
11,7,11_1102_7_45900,,,1,,shp_11_1102,0,0
5,13,5_501_13_50100,,,0,,shp_5_501,0,0
6,14,6_601_14_54600,,,0,,shp_6_601,0,0
7,15,7_701_15_50100,,,0,,shp_7_701,0,0
6,15,6_601_15_36600,,,0,,shp_6_601,0,0
3,13,3_303_13_45180,,,0,,shp_3_303,0,0
11,14,11_1101_14_56700,,,0,,shp_11_1101,0,0
6,13,6_601_13_69000,,,0,,shp_6_601,0,0
8,15,8_801_15_72600,,,0,,shp_8_801,0,0
8,15,8_801_15_69000,,,0,,shp_8_801,0,0
47,14,47_4702_14_9000,,,0,,shp_47_4702,0,0
6,13,6_601_13_72600,,,0,,shp_6_601,0,0
47,14,47_4701_14_84600,,,0,,shp_47_4701,0,0
8,13,8_801_13_29400,,,0,,shp_8_801,0,0
10,7,10_1003_7_76500,,,0,,shp_10_1003,0,0
12,15,12_1202_15_35100,,,1,,shp_12_1202,0,0
7,13,7_701_13_23100,,,0,,shp_7_701,0,0
8,15,8_802_15_57600,,,1,,shp_8_802,0,0
12,13,12_1202_13_71100,,,1,,shp_12_1202,0,0
7,13,7_702_13_71100,,,1,,shp_7_702,0,0
13,14,13_1302_14_55800,,,1,,shp_13_1302,0,0
40,14,40_4002_14_12600,,,1,,shp_40_4002,0,0
9,13,9_904_13_47700,,,1,,shp_9_904,0,0
3,13,3_303_13_47880,,,0,,shp_3_303,0,0
6,15,6_601_15_72600,,,0,,shp_6_601,0,0
41,14,41_4102_14_14700,,,1,,shp_41_4102,0,0
7,7,7_701_7_48300,,,0,,shp_7_701,0,0
12,13,12_1201_13_81000,,,0,,shp_12_1201,0,0
2,7,2_204_7_37800,,,1,,shp_2_204,0,0
47,14,47_4702_14_19800,,,0,,shp_47_4702,0,0
9,15,9_901_15_45000,,,0,,shp_9_901,0,0
5,13,5_502_13_51300,,,1,,shp_5_502,0,0
12,14,12_1201_14_62100,,,0,,shp_12_1201,0,0
8,7,8_801_7_29400,,,0,,shp_8_801,0,0
11,15,11_1101_15_46200,,,0,,shp_11_1101,0,0
5,15,5_502_15_62100,,,1,,shp_5_502,0,0
40,7,40_4001_7_1800,,,0,,shp_40_4001,0,0
8,15,8_802_15_73800,,,1,,shp_8_802,0,0
11,13,11_1102_13_66000,,,1,,shp_11_1102,0,0
13,13,13_1301_13_75600,,,0,,shp_13_1301,0,0
7,13,7_701_13_73500,,,0,,shp_7_701,0,0
3,13,3_304_13_18900,,,1,,shp_3_304,0,0
13,7,13_1302_7_63000,,,1,,shp_13_1302,0,0
12,14,12_1202_14_67500,,,1,,shp_12_1202,0,0
3,13,3_304_13_46800,,,1,,shp_3_304,0,0
13,15,13_1301_15_36000,,,0,,shp_13_1301,0,0
10,13,10_1003_13_36900,,,0,,shp_10_1003,0,0
8,13,8_802_13_66600,,,1,,shp_8_802,0,0
3,13,3_303_13_73080,,,0,,shp_3_303,0,0
10,15,10_1002_15_75300,,,1,,shp_10_1002,0,0
11,7,11_1101_7_74100,,,0,,shp_11_1101,0,0
6,13,6_602_13_53400,,,1,,shp_6_602,0,0
8,15,8_802_15_37800,,,1,,shp_8_802,0,0
12,14,12_1201_14_72900,,,0,,shp_12_1201,0,0
5,7,5_501_7_80700,,,0,,shp_5_501,0,0
10,13,10_1003_13_26100,,,0,,shp_10_1003,0,0
11,14,11_1102_14_53100,,,1,,shp_11_1102,0,0
13,7,13_1301_7_36000,,,0,,shp_13_1301,0,0
9,7,9_901_7_50400,,,0,,shp_9_901,0,0
11,14,11_1101_14_69300,,,0,,shp_11_1101,0,0
5,13,5_502_13_71100,,,1,,shp_5_502,0,0
11,14,11_1102_14_27900,,,1,,shp_11_1102,0,0
2,7,2_206_7_54600,,,1,,shp_2_206,0,0
20,15,20_2002_15_50400,,,1,,shp_20_2002,0,0
7,7,7_701_7_41100,,,0,,shp_7_701,0,0
11,7,11_1101_7_80100,,,0,,shp_11_1101,0,0
13,13,13_1301_13_55200,,,0,,shp_13_1301,0,0
5,13,5_502_13_35100,,,1,,shp_5_502,0,0
6,14,6_602_14_35400,,,1,,shp_6_602,0,0
11,7,11_1102_7_68700,,,1,,shp_11_1102,0,0
13,7,13_1302_7_37800,,,1,,shp_13_1302,0,0
11,13,11_1101_13_45000,,,0,,shp_11_1101,0,0
7,14,7_702_14_53100,,,1,,shp_7_702,0,0
10,15,10_1003_15_27900,,,0,,shp_10_1003,0,0
7,15,7_702_15_35100,,,1,,shp_7_702,0,0
11,7,11_1102_7_78300,,,1,,shp_11_1102,0,0
11,13,11_1102_13_63600,,,1,,shp_11_1102,0,0
3,13,3_304_13_72000,,,1,,shp_3_304,0,0
9,14,9_904_14_29700,,,1,,shp_9_904,0,0
4,7,4_403_7_66480,,,0,,shp_4_403,0,0
4,13,4_404_13_52200,,,1,,shp_4_404,0,0
12,14,12_1202_14_53100,,,1,,shp_12_1202,0,0
5,7,5_502_7_80100,,,1,,shp_5_502,0,0
8,13,8_801_13_45600,,,0,,shp_8_801,0,0
13,14,13_1301_14_70200,,,0,,shp_13_1301,0,0
13,13,13_1302_13_73800,,,1,,shp_13_1302,0,0
3,15,3_303_15_46980,,,0,,shp_3_303,0,0
5,7,5_501_7_30300,,,0,,shp_5_501,0,0
12,14,12_1201_14_69300,,,0,,shp_12_1201,0,0
5,15,5_502_15_69300,,,1,,shp_5_502,0,0
11,14,11_1101_14_72900,,,0,,shp_11_1101,0,0
13,13,13_1301_13_39600,,,0,,shp_13_1301,0,0
7,14,7_702_14_27900,,,1,,shp_7_702,0,0
9,14,9_901_14_63000,,,0,,shp_9_901,0,0
12,15,12_1202_15_49500,,,1,,shp_12_1202,0,0
11,13,11_1102_13_33600,,,1,,shp_11_1102,0,0
10,15,10_1002_15_39300,,,1,,shp_10_1002,0,0
12,15,12_1201_15_44100,,,0,,shp_12_1201,0,0
11,7,11_1101_7_44100,,,0,,shp_11_1101,0,0
11,14,11_1102_14_81000,,,1,,shp_11_1102,0,0
7,13,7_702_13_78300,,,1,,shp_7_702,0,0
5,7,5_501_7_77100,,,0,,shp_5_501,0,0
12,13,12_1202_13_51300,,,1,,shp_12_1202,0,0
3,7,3_304_7_54900,,,1,,shp_3_304,0,0
12,13,12_1201_13_67500,,,0,,shp_12_1201,0,0
13,13,13_1302_13_53400,,,1,,shp_13_1302,0,0
12,14,12_1201_14_49500,,,0,,shp_12_1201,0,0
12,7,12_1202_7_53100,,,1,,shp_12_1202,0,0
10,13,10_1003_13_65700,,,0,,shp_10_1003,0,0
10,14,10_1003_14_47700,,,0,,shp_10_1003,0,0
3,7,3_304_7_51300,,,1,,shp_3_304,0,0
6,13,6_601_13_52800,,,0,,shp_6_601,0,0
11,14,11_1101_14_36900,,,0,,shp_11_1101,0,0
4,13,4_404_13_55800,,,1,,shp_4_404,0,0
10,15,10_1003_15_29700,,,0,,shp_10_1003,0,0
41,14,41_4102_14_18300,,,1,,shp_41_4102,0,0
10,15,10_1002_15_50100,,,1,,shp_10_1002,0,0
4,13,4_404_13_66600,,,1,,shp_4_404,0,0
8,15,8_801_15_52800,,,0,,shp_8_801,0,0
10,13,10_1003_13_76500,,,0,,shp_10_1003,0,0
13,13,13_1302_13_55800,,,1,,shp_13_1302,0,0
11,15,11_1101_15_42600,,,0,,shp_11_1101,0,0
13,14,13_1302_14_37800,,,1,,shp_13_1302,0,0
7,13,7_701_13_44700,,,0,,shp_7_701,0,0
9,7,9_904_7_29700,,,1,,shp_9_904,0,0
7,14,7_701_14_26700,,,0,,shp_7_701,0,0
9,7,9_901_7_34200,,,0,,shp_9_901,0,0
3,14,3_303_14_72180,,,0,,shp_3_303,0,0
6,15,6_602_15_40800,,,1,,shp_6_602,0,0
7,13,7_701_13_33900,,,0,,shp_7_701,0,0
11,15,11_1102_15_25200,,,1,,shp_11_1102,0,0
13,13,13_1302_13_42600,,,1,,shp_13_1302,0,0
11,13,11_1102_13_61200,,,1,,shp_11_1102,0,0
11,15,11_1101_15_55800,,,0,,shp_11_1101,0,0
9,13,9_901_13_63000,,,0,,shp_9_901,0,0
13,15,13_1301_15_54000,,,0,,shp_13_1301,0,0
40,14,40_4001_14_16200,,,0,,shp_40_4001,0,0
40,14,40_4001_14_84600,,,0,,shp_40_4001,0,0
11,15,11_1101_15_53400,,,0,,shp_11_1101,0,0
13,14,13_1301_14_72000,,,0,,shp_13_1301,0,0
12,14,12_1201_14_33300,,,0,,shp_12_1201,0,0
47,14,47_4702_14_12600,,,0,,shp_47_4702,0,0
12,13,12_1201_13_51300,,,0,,shp_12_1201,0,0
41,7,41_4101_7_12600,,,0,,shp_41_4101,0,0
6,15,6_602_15_67800,,,1,,shp_6_602,0,0
8,7,8_802_7_79200,,,1,,shp_8_802,0,0
3,14,3_304_14_43500,,,1,,shp_3_304,0,0
3,7,3_304_7_40500,,,1,,shp_3_304,0,0
9,14,9_904_14_44100,,,1,,shp_9_904,0,0
20,14,20_2001_14_41400,,,0,,shp_20_2001,0,0
13,13,13_1301_13_26400,,,0,,shp_13_1301,0,0
3,13,3_303_13_69480,,,0,,shp_3_303,0,0
41,7,41_4102_7_300,,,1,,shp_41_4102,0,0
12,14,12_1202_14_76500,,,1,,shp_12_1202,0,0
3,15,3_303_15_54180,,,0,,shp_3_303,0,0
5,13,5_502_13_33300,,,1,,shp_5_502,0,0
8,13,8_801_13_31200,,,0,,shp_8_801,0,0
8,15,8_801_15_63600,,,0,,shp_8_801,0,0
13,7,13_1301_7_32400,,,0,,shp_13_1301,0,0
5,7,5_502_7_72900,,,1,,shp_5_502,0,0
12,14,12_1201_14_27900,,,0,,shp_12_1201,0,0
11,13,11_1102_13_69600,,,1,,shp_11_1102,0,0
8,13,8_802_13_72000,,,1,,shp_8_802,0,0
3,13,3_303_13_28980,,,0,,shp_3_303,0,0
6,7,6_602_7_49800,,,1,,shp_6_602,0,0
5,15,5_501_15_46500,,,0,,shp_5_501,0,0
7,7,7_701_7_66300,,,0,,shp_7_701,0,0
12,15,12_1202_15_69300,,,1,,shp_12_1202,0,0
12,13,12_1201_13_19800,,,0,,shp_12_1201,0,0
3,15,3_304_15_75600,,,1,,shp_3_304,0,0
47,7,47_4702_7_19800,,,0,,shp_47_4702,0,0
8,15,8_802_15_36000,,,1,,shp_8_802,0,0
2,15,2_203_15_49500,,,0,,shp_2_203,0,0
7,13,7_701_13_50100,,,0,,shp_7_701,0,0
11,13,11_1102_13_74400,,,1,,shp_11_1102,0,0
13,7,13_1301_7_43200,,,0,,shp_13_1301,0,0
7,15,7_702_15_22500,,,1,,shp_7_702,0,0
7,13,7_701_13_59100,,,0,,shp_7_701,0,0
11,13,11_1102_13_67200,,,1,,shp_11_1102,0,0
2,14,2_203_14_74700,,,0,,shp_2_203,0,0
7,13,7_702_13_74700,,,1,,shp_7_702,0,0
2,15,2_203_15_56700,,,0,,shp_2_203,0,0
8,13,8_801_13_58200,,,0,,shp_8_801,0,0
11,7,11_1101_7_58500,,,0,,shp_11_1101,0,0
13,14,13_1301_14_66600,,,0,,shp_13_1301,0,0
20,13,20_2002_13_57600,,,1,,shp_20_2002,0,0
2,7,2_206_7_29400,,,1,,shp_2_206,0,0
8,7,8_802_7_75600,,,1,,shp_8_802,0,0
13,13,13_1301_13_28800,,,0,,shp_13_1301,0,0
5,7,5_502_7_60300,,,1,,shp_5_502,0,0
7,15,7_702_15_45900,,,1,,shp_7_702,0,0
5,14,5_502_14_72900,,,1,,shp_5_502,0,0
11,14,11_1101_14_58500,,,0,,shp_11_1101,0,0
13,13,13_1302_13_75000,,,1,,shp_13_1302,0,0
12,14,12_1201_14_81000,,,0,,shp_12_1201,0,0
7,14,7_702_14_67500,,,1,,shp_7_702,0,0
41,7,41_4101_7_1800,,,0,,shp_41_4101,0,0
11,13,11_1102_13_76800,,,1,,shp_11_1102,0,0
4,14,4_403_14_44880,,,0,,shp_4_403,0,0
11,15,11_1102_15_27600,,,1,,shp_11_1102,0,0
13,15,13_1301_15_34800,,,0,,shp_13_1301,0,0
12,15,12_1202_15_65700,,,1,,shp_12_1202,0,0
5,13,5_501_13_75300,,,0,,shp_5_501,0,0
7,13,7_702_13_29700,,,1,,shp_7_702,0,0
5,14,5_501_14_57300,,,0,,shp_5_501,0,0
41,14,41_4101_14_9000,,,0,,shp_41_4101,0,0
7,13,7_701_13_32100,,,0,,shp_7_701,0,0
40,7,40_4002_7_5400,,,1,,shp_40_4002,0,0
7,13,7_701_13_77100,,,0,,shp_7_701,0,0
11,13,11_1101_13_34200,,,0,,shp_11_1101,0,0
11,15,11_1101_15_75000,,,0,,shp_11_1101,0,0
12,7,12_1201_7_80100,,,0,,shp_12_1201,0,0
12,15,12_1201_15_72900,,,0,,shp_12_1201,0,0
20,14,20_2002_14_42300,,,1,,shp_20_2002,0,0
4,15,4_403_15_66780,,,0,,shp_4_403,0,0
11,15,11_1101_15_40200,,,0,,shp_11_1101,0,0
2,15,2_204_15_41400,,,1,,shp_2_204,0,0
13,15,13_1301_15_67200,,,0,,shp_13_1301,0,0
8,7,8_801_7_58200,,,0,,shp_8_801,0,0
8,15,8_801_15_56400,,,0,,shp_8_801,0,0
47,15,47_4702_15_84600,,,0,,shp_47_4702,0,0
11,7,11_1102_7_75900,,,1,,shp_11_1102,0,0
3,15,3_304_15_68400,,,1,,shp_3_304,0,0
12,14,12_1202_14_60300,,,1,,shp_12_1202,0,0
41,7,41_4102_7_14700,,,1,,shp_41_4102,0,0
5,14,5_501_14_30300,,,0,,shp_5_501,0,0
5,7,5_501_7_37500,,,0,,shp_5_501,0,0
6,15,6_602_15_44400,,,1,,shp_6_602,0,0
3,7,3_304_7_65100,,,1,,shp_3_304,0,0
11,13,11_1102_13_54000,,,1,,shp_11_1102,0,0
8,7,8_802_7_46800,,,1,,shp_8_802,0,0
5,13,5_502_13_40500,,,1,,shp_5_502,0,0
12,15,12_1202_15_36900,,,1,,shp_12_1202,0,0
11,14,11_1102_14_78300,,,1,,shp_11_1102,0,0
12,13,12_1201_13_45900,,,0,,shp_12_1201,0,0
13,15,13_1301_15_69600,,,0,,shp_13_1301,0,0
13,7,13_1301_7_25200,,,0,,shp_13_1301,0,0
7,15,7_702_15_51300,,,1,,shp_7_702,0,0
13,13,13_1302_13_48600,,,1,,shp_13_1302,0,0
13,15,13_1301_15_49200,,,0,,shp_13_1301,0,0
13,7,13_1301_7_37800,,,0,,shp_13_1301,0,0
11,7,11_1101_7_31500,,,0,,shp_11_1101,0,0
12,14,12_1201_14_26100,,,0,,shp_12_1201,0,0
11,13,11_1102_13_56400,,,1,,shp_11_1102,0,0
8,14,8_802_14_54000,,,1,,shp_8_802,0,0
3,7,3_303_7_55080,,,0,,shp_3_303,0,0
5,7,5_501_7_55500,,,0,,shp_5_501,0,0
12,14,12_1202_14_26100,,,1,,shp_12_1202,0,0
8,13,8_802_13_27000,,,1,,shp_8_802,0,0
13,13,13_1302_13_60600,,,1,,shp_13_1302,0,0
7,15,7_702_15_78300,,,1,,shp_7_702,0,0
11,13,11_1102_13_34800,,,1,,shp_11_1102,0,0
12,13,12_1202_13_44100,,,1,,shp_12_1202,0,0
6,13,6_602_13_80100,,,1,,shp_6_602,0,0
13,13,13_1301_13_76800,,,0,,shp_13_1301,0,0
8,15,8_801_15_45600,,,0,,shp_8_801,0,0
7,13,7_702_13_35100,,,1,,shp_7_702,0,0
7,13,7_701_13_26700,,,0,,shp_7_701,0,0
4,13,4_404_13_73800,,,1,,shp_4_404,0,0
7,7,7_701_7_59100,,,0,,shp_7_701,0,0
10,14,10_1003_14_65700,,,0,,shp_10_1003,0,0
10,14,10_1003_14_54900,,,0,,shp_10_1003,0,0
10,15,10_1003_15_36900,,,0,,shp_10_1003,0,0
12,15,12_1201_15_71100,,,0,,shp_12_1201,0,0
12,15,12_1202_15_76500,,,1,,shp_12_1202,0,0
20,13,20_2001_13_78300,,,0,,shp_20_2001,0,0
6,7,6_601_7_25800,,,0,,shp_6_601,0,0
12,14,12_1201_14_19800,,,0,,shp_12_1201,0,0
8,7,8_801_7_69000,,,0,,shp_8_801,0,0
12,15,12_1201_15_49500,,,0,,shp_12_1201,0,0
10,13,10_1002_13_57300,,,1,,shp_10_1002,0,0
8,15,8_802_15_54000,,,1,,shp_8_802,0,0
8,14,8_802_14_72000,,,1,,shp_8_802,0,0
2,7,2_206_7_79800,,,1,,shp_2_206,0,0
6,13,6_602_13_57000,,,1,,shp_6_602,0,0
2,13,2_204_13_70200,,,1,,shp_2_204,0,0
2,15,2_204_15_34200,,,1,,shp_2_204,0,0
4,14,4_403_14_73980,,,0,,shp_4_403,0,0
4,13,4_403_13_52380,,,0,,shp_4_403,0,0
7,13,7_702_13_24300,,,1,,shp_7_702,0,0
5,13,5_502_13_26100,,,1,,shp_5_502,0,0
10,13,10_1002_13_30300,,,1,,shp_10_1002,0,0
2,7,2_203_7_60300,,,0,,shp_2_203,0,0
3,7,3_303_7_76080,,,0,,shp_3_303,0,0
12,15,12_1201_15_23400,,,0,,shp_12_1201,0,0
5,15,5_502_15_53100,,,1,,shp_5_502,0,0
8,13,8_801_13_69000,,,0,,shp_8_801,0,0
13,13,13_1301_13_33600,,,0,,shp_13_1301,0,0
13,13,13_1301_13_48000,,,0,,shp_13_1301,0,0
6,7,6_601_7_47400,,,0,,shp_6_601,0,0
12,13,12_1202_13_49500,,,1,,shp_12_1202,0,0
7,15,7_702_15_56700,,,1,,shp_7_702,0,0
12,14,12_1202_14_54900,,,1,,shp_12_1202,0,0
3,15,3_303_15_61380,,,0,,shp_3_303,0,0
6,15,6_602_15_33600,,,1,,shp_6_602,0,0
8,15,8_802_15_70200,,,1,,shp_8_802,0,0
13,7,13_1302_7_54000,,,1,,shp_13_1302,0,0
11,15,11_1101_15_73800,,,0,,shp_11_1101,0,0
13,15,13_1301_15_61200,,,0,,shp_13_1301,0,0
8,15,8_802_15_48600,,,1,,shp_8_802,0,0
12,13,12_1201_13_44100,,,0,,shp_12_1201,0,0
47,7,47_4702_7_5400,,,0,,shp_47_4702,0,0
7,13,7_701_13_51900,,,0,,shp_7_701,0,0
47,14,47_4702_14_84600,,,0,,shp_47_4702,0,0
11,15,11_1102_15_38400,,,1,,shp_11_1102,0,0
13,7,13_1301_7_59400,,,0,,shp_13_1301,0,0
8,13,8_802_13_59400,,,1,,shp_8_802,0,0
7,14,7_702_14_56700,,,1,,shp_7_702,0,0
8,14,8_802_14_32400,,,1,,shp_8_802,0,0
12,15,12_1202_15_31500,,,1,,shp_12_1202,0,0
8,13,8_802_13_50400,,,1,,shp_8_802,0,0
8,15,8_801_15_51000,,,0,,shp_8_801,0,0
11,14,11_1101_14_23400,,,0,,shp_11_1101,0,0
2,15,2_203_15_63900,,,0,,shp_2_203,0,0
4,15,4_404_15_59400,,,1,,shp_4_404,0,0
10,15,10_1003_15_69300,,,0,,shp_10_1003,0,0
13,7,13_1301_7_50400,,,0,,shp_13_1301,0,0
6,15,6_602_15_78600,,,1,,shp_6_602,0,0
13,13,13_1302_13_22200,,,1,,shp_13_1302,0,0
4,14,4_404_14_77400,,,1,,shp_4_404,0,0
7,15,7_702_15_38700,,,1,,shp_7_702,0,0
20,13,20_2002_13_64800,,,1,,shp_20_2002,0,0
47,14,47_4701_14_19800,,,0,,shp_47_4701,0,0
13,14,13_1302_14_36000,,,1,,shp_13_1302,0,0
47,14,47_4701_14_1800,,,0,,shp_47_4701,0,0
6,13,6_602_13_39000,,,1,,shp_6_602,0,0
12,13,12_1202_13_60300,,,1,,shp_12_1202,0,0
20,13,20_2001_13_41400,,,0,,shp_20_2001,0,0
8,13,8_801_13_42000,,,0,,shp_8_801,0,0
8,7,8_802_7_68400,,,1,,shp_8_802,0,0
12,13,12_1202_13_22500,,,1,,shp_12_1202,0,0
10,15,10_1002_15_78900,,,1,,shp_10_1002,0,0
13,15,13_1302_15_46200,,,1,,shp_13_1302,0,0
3,7,3_303_7_61680,,,0,,shp_3_303,0,0
11,13,11_1102_13_49200,,,1,,shp_11_1102,0,0
3,15,3_303_15_47880,,,0,,shp_3_303,0,0
13,13,13_1302_13_40200,,,1,,shp_13_1302,0,0
20,15,20_2001_15_20700,,,0,,shp_20_2001,0,0
5,7,5_501_7_48300,,,0,,shp_5_501,0,0
4,13,4_403_13_34380,,,0,,shp_4_403,0,0
5,15,5_501_15_39300,,,0,,shp_5_501,0,0
5,13,5_501_13_41100,,,0,,shp_5_501,0,0
5,14,5_501_14_23100,,,0,,shp_5_501,0,0
11,7,11_1102_7_77100,,,1,,shp_11_1102,0,0
13,14,13_1301_14_73800,,,0,,shp_13_1301,0,0
7,14,7_701_14_48300,,,0,,shp_7_701,0,0
7,13,7_701_13_66300,,,0,,shp_7_701,0,0
13,15,13_1302_15_61800,,,1,,shp_13_1302,0,0
3,14,3_304_14_50700,,,1,,shp_3_304,0,0
8,7,8_801_7_36600,,,0,,shp_8_801,0,0
5,7,5_502_7_65700,,,1,,shp_5_502,0,0
4,15,4_403_15_55980,,,0,,shp_4_403,0,0
12,15,12_1201_15_65700,,,0,,shp_12_1201,0,0
2,14,2_204_14_52200,,,1,,shp_2_204,0,0
12,7,12_1202_7_42300,,,1,,shp_12_1202,0,0
6,15,6_602_15_51600,,,1,,shp_6_602,0,0
8,13,8_802_13_77400,,,1,,shp_8_802,0,0
12,15,12_1202_15_58500,,,1,,shp_12_1202,0,0
12,13,12_1202_13_72900,,,1,,shp_12_1202,0,0
5,13,5_502_13_74700,,,1,,shp_5_502,0,0
11,7,11_1101_7_47700,,,0,,shp_11_1101,0,0
3,13,3_303_13_76680,,,0,,shp_3_303,0,0
3,7,3_304_7_33300,,,1,,shp_3_304,0,0
20,13,20_2002_13_79200,,,1,,shp_20_2002,0,0
11,15,11_1101_15_33000,,,0,,shp_11_1101,0,0
7,14,7_702_14_74700,,,1,,shp_7_702,0,0
8,13,8_801_13_24000,,,0,,shp_8_801,0,0
9,7,9_901_7_41400,,,0,,shp_9_901,0,0
11,15,11_1101_15_35400,,,0,,shp_11_1101,0,0
5,7,5_502_7_71100,,,1,,shp_5_502,0,0
9,13,9_904_13_80100,,,1,,shp_9_904,0,0
12,13,12_1202_13_54900,,,1,,shp_12_1202,0,0
4,15,4_403_15_73980,,,0,,shp_4_403,0,0
8,13,8_801_13_36600,,,0,,shp_8_801,0,0
3,14,3_304_14_32700,,,1,,shp_3_304,0,0
9,7,9_904_7_36900,,,1,,shp_9_904,0,0
5,13,5_501_13_68100,,,0,,shp_5_501,0,0
9,13,9_901_13_70200,,,0,,shp_9_901,0,0
11,7,11_1101_7_65700,,,0,,shp_11_1101,0,0
7,14,7_701_14_33900,,,0,,shp_7_701,0,0
40,14,40_4001_14_5400,,,0,,shp_40_4001,0,0
13,15,13_1301_15_27600,,,0,,shp_13_1301,0,0
7,7,7_701_7_80700,,,0,,shp_7_701,0,0
12,7,12_1202_7_60300,,,1,,shp_12_1202,0,0
13,15,13_1302_15_76200,,,1,,shp_13_1302,0,0
12,7,12_1201_7_40500,,,0,,shp_12_1201,0,0
3,15,3_304_15_76500,,,1,,shp_3_304,0,0
6,15,6_601_15_54600,,,0,,shp_6_601,0,0
11,14,11_1102_14_44100,,,1,,shp_11_1102,0,0
3,7,3_304_7_29700,,,1,,shp_3_304,0,0
6,14,6_601_14_72600,,,0,,shp_6_601,0,0
9,7,9_901_7_75600,,,0,,shp_9_901,0,0
11,14,11_1102_14_36900,,,1,,shp_11_1102,0,0
3,13,3_303_13_26280,,,0,,shp_3_303,0,0
5,7,5_501_7_71700,,,0,,shp_5_501,0,0
11,14,11_1101_14_74700,,,0,,shp_11_1101,0,0
41,7,41_4101_7_9000,,,0,,shp_41_4101,0,0
10,15,10_1002_15_28500,,,1,,shp_10_1002,0,0
8,15,8_802_15_61200,,,1,,shp_8_802,0,0
8,7,8_801_7_76200,,,0,,shp_8_801,0,0
7,13,7_702_13_42300,,,1,,shp_7_702,0,0
3,15,3_304_15_34200,,,1,,shp_3_304,0,0
10,15,10_1003_15_51300,,,0,,shp_10_1003,0,0
11,15,11_1102_15_68400,,,1,,shp_11_1102,0,0
11,13,11_1101_13_64200,,,0,,shp_11_1101,0,0
13,15,13_1302_15_41400,,,1,,shp_13_1302,0,0
20,15,20_2001_15_49500,,,0,,shp_20_2001,0,0
11,15,11_1101_15_28200,,,0,,shp_11_1101,0,0
11,15,11_1102_15_78000,,,1,,shp_11_1102,0,0
6,13,6_602_13_27900,,,1,,shp_6_602,0,0
11,7,11_1101_7_63900,,,0,,shp_11_1101,0,0
12,13,12_1201_13_26100,,,0,,shp_12_1201,0,0
13,7,13_1302_7_39600,,,1,,shp_13_1302,0,0
13,13,13_1302_13_28200,,,1,,shp_13_1302,0,0
4,14,4_404_14_48300,,,1,,shp_4_404,0,0
13,13,13_1301_13_66000,,,0,,shp_13_1301,0,0
11,13,11_1101_13_67800,,,0,,shp_11_1101,0,0
8,15,8_801_15_38400,,,0,,shp_8_801,0,0
12,13,12_1201_13_29700,,,0,,shp_12_1201,0,0
13,7,13_1301_7_75600,,,0,,shp_13_1301,0,0
6,13,6_601_13_27600,,,0,,shp_6_601,0,0
13,15,13_1302_15_69000,,,1,,shp_13_1302,0,0
11,7,11_1102_7_33300,,,1,,shp_11_1102,0,0
5,14,5_501_14_80700,,,0,,shp_5_501,0,0
5,13,5_502_13_80100,,,1,,shp_5_502,0,0
8,13,8_802_13_34200,,,1,,shp_8_802,0,0
13,13,13_1301_13_58800,,,0,,shp_13_1301,0,0
5,14,5_502_14_62100,,,1,,shp_5_502,0,0
5,15,5_502_15_44100,,,1,,shp_5_502,0,0
5,15,5_501_15_62700,,,0,,shp_5_501,0,0
12,13,12_1202_13_56700,,,1,,shp_12_1202,0,0
4,14,4_404_14_30300,,,1,,shp_4_404,0,0
6,13,6_602_13_64200,,,1,,shp_6_602,0,0
13,7,13_1302_7_45000,,,1,,shp_13_1302,0,0
2,13,2_203_13_42300,,,0,,shp_2_203,0,0
4,14,4_403_14_66780,,,0,,shp_4_403,0,0
6,15,6_602_15_54900,,,1,,shp_6_602,0,0
8,14,8_801_14_58200,,,0,,shp_8_801,0,0
3,15,3_304_15_28800,,,1,,shp_3_304,0,0
5,13,5_501_13_32100,,,0,,shp_5_501,0,0
7,7,7_702_7_67500,,,1,,shp_7_702,0,0
7,14,7_702_14_81900,,,1,,shp_7_702,0,0
7,7,7_701_7_26700,,,0,,shp_7_701,0,0
11,14,11_1102_14_42300,,,1,,shp_11_1102,0,0
40,14,40_4002_14_84600,,,1,,shp_40_4002,0,0
12,14,12_1202_14_36900,,,1,,shp_12_1202,0,0
12,14,12_1201_14_74700,,,0,,shp_12_1201,0,0
10,14,10_1003_14_72900,,,0,,shp_10_1003,0,0
2,13,2_206_13_54600,,,1,,shp_2_206,0,0
13,13,13_1301_13_50400,,,0,,shp_13_1301,0,0
5,14,5_502_14_56700,,,1,,shp_5_502,0,0
5,13,5_501_13_35700,,,0,,shp_5_501,0,0
11,15,11_1102_15_55200,,,1,,shp_11_1102,0,0
11,7,11_1101_7_75300,,,0,,shp_11_1101,0,0
2,13,2_203_13_45900,,,0,,shp_2_203,0,0
3,13,3_303_13_50580,,,0,,shp_3_303,0,0
6,15,6_601_15_51000,,,0,,shp_6_601,0,0
2,14,2_204_14_37800,,,1,,shp_2_204,0,0
7,7,7_701_7_23100,,,0,,shp_7_701,0,0
7,13,7_702_13_67500,,,1,,shp_7_702,0,0
12,13,12_1202_13_62100,,,1,,shp_12_1202,0,0
13,14,13_1302_14_50400,,,1,,shp_13_1302,0,0
7,14,7_702_14_49500,,,1,,shp_7_702,0,0
3,13,3_304_13_61200,,,1,,shp_3_304,0,0
40,7,40_4001_7_19800,,,0,,shp_40_4001,0,0
11,15,11_1102_15_45600,,,1,,shp_11_1102,0,0
4,14,4_403_14_34080,,,0,,shp_4_403,0,0
13,13,13_1301_13_60000,,,0,,shp_13_1301,0,0
5,13,5_501_13_18600,,,0,,shp_5_501,0,0
4,14,4_403_14_80280,,,0,,shp_4_403,0,0
12,13,12_1202_13_53100,,,1,,shp_12_1202,0,0
7,15,7_702_15_60300,,,1,,shp_7_702,0,0
11,15,11_1102_15_62400,,,1,,shp_11_1102,0,0
5,15,5_502_15_47700,,,1,,shp_5_502,0,0
8,13,8_802_13_28800,,,1,,shp_8_802,0,0
13,13,13_1301_13_43200,,,0,,shp_13_1301,0,0
4,7,4_404_7_80700,,,1,,shp_4_404,0,0
5,15,5_501_15_53700,,,0,,shp_5_501,0,0
11,14,11_1102_14_69300,,,1,,shp_11_1102,0,0
3,15,3_303_15_55080,,,0,,shp_3_303,0,0
5,14,5_501_14_71700,,,0,,shp_5_501,0,0
8,13,8_802_13_25200,,,1,,shp_8_802,0,0
7,14,7_701_14_73500,,,0,,shp_7_701,0,0
13,14,13_1302_14_77400,,,1,,shp_13_1302,0,0
11,7,11_1102_7_81000,,,1,,shp_11_1102,0,0
5,14,5_502_14_65700,,,1,,shp_5_502,0,0
8,15,8_801_15_47400,,,0,,shp_8_801,0,0
3,13,3_303_13_43380,,,0,,shp_3_303,0,0
40,7,40_4002_7_12600,,,1,,shp_40_4002,0,0
3,13,3_304_13_64800,,,1,,shp_3_304,0,0
10,7,10_1002_7_68100,,,1,,shp_10_1002,0,0
13,7,13_1302_7_48600,,,1,,shp_13_1302,0,0
11,7,11_1101_7_72900,,,0,,shp_11_1101,0,0
12,15,12_1202_15_27900,,,1,,shp_12_1202,0,0
12,15,12_1202_15_74700,,,1,,shp_12_1202,0,0
3,15,3_304_15_40500,,,1,,shp_3_304,0,0
13,15,13_1302_15_36600,,,1,,shp_13_1302,0,0
20,14,20_2002_14_50400,,,1,,shp_20_2002,0,0
11,7,11_1102_7_36900,,,1,,shp_11_1102,0,0
11,13,11_1102_13_39600,,,1,,shp_11_1102,0,0
4,15,4_403_15_48780,,,0,,shp_4_403,0,0
4,15,4_403_15_30780,,,0,,shp_4_403,0,0
8,13,8_801_13_76200,,,0,,shp_8_801,0,0
9,15,9_901_15_34200,,,0,,shp_9_901,0,0
3,7,3_304_7_26100,,,1,,shp_3_304,0,0
6,13,6_601_13_33000,,,0,,shp_6_601,0,0
12,7,12_1202_7_35100,,,1,,shp_12_1202,0,0
5,14,5_502_14_71100,,,1,,shp_5_502,0,0
6,13,6_602_13_31800,,,1,,shp_6_602,0,0
11,13,11_1101_13_54600,,,0,,shp_11_1101,0,0
5,14,5_501_14_48300,,,0,,shp_5_501,0,0
12,14,12_1202_14_69300,,,1,,shp_12_1202,0,0
13,15,13_1302_15_51000,,,1,,shp_13_1302,0,0
9,14,9_904_14_54900,,,1,,shp_9_904,0,0
8,7,8_801_7_43800,,,0,,shp_8_801,0,0
7,15,7_702_15_63900,,,1,,shp_7_702,0,0
5,15,5_502_15_38700,,,1,,shp_5_502,0,0
13,15,13_1301_15_22500,,,0,,shp_13_1301,0,0
2,15,2_205_15_75900,,,0,,shp_2_205,0,0
8,7,8_801_7_40200,,,0,,shp_8_801,0,0
6,15,6_602_15_35400,,,1,,shp_6_602,0,0
8,13,8_801_13_67200,,,0,,shp_8_801,0,0
13,13,13_1301_13_63600,,,0,,shp_13_1301,0,0
11,15,11_1102_15_42000,,,1,,shp_11_1102,0,0
11,15,11_1101_15_60600,,,0,,shp_11_1101,0,0
13,13,13_1302_13_45000,,,1,,shp_13_1302,0,0
11,14,11_1101_14_67500,,,0,,shp_11_1101,0,0
12,14,12_1201_14_40500,,,0,,shp_12_1201,0,0
3,15,3_303_15_64980,,,0,,shp_3_303,0,0
6,15,6_601_15_61800,,,0,,shp_6_601,0,0
40,14,40_4002_14_1800,,,1,,shp_40_4002,0,0
3,7,3_304_7_36900,,,1,,shp_3_304,0,0
13,15,13_1302_15_79800,,,1,,shp_13_1302,0,0
5,13,5_501_13_69900,,,0,,shp_5_501,0,0
20,15,20_2001_15_56700,,,0,,shp_20_2001,0,0
7,13,7_702_13_27900,,,1,,shp_7_702,0,0
3,15,3_303_15_22680,,,0,,shp_3_303,0,0
3,13,3_303_13_37980,,,0,,shp_3_303,0,0
2,14,2_206_14_29400,,,1,,shp_2_206,0,0
7,7,7_701_7_73500,,,0,,shp_7_701,0,0
8,13,8_801_13_43800,,,0,,shp_8_801,0,0
12,14,12_1202_14_51300,,,1,,shp_12_1202,0,0
11,14,11_1101_14_77100,,,0,,shp_11_1101,0,0
13,15,13_1301_15_64800,,,0,,shp_13_1301,0,0
2,15,2_205_15_25500,,,0,,shp_2_205,0,0
5,13,5_501_13_42900,,,0,,shp_5_501,0,0
7,14,7_702_14_31500,,,1,,shp_7_702,0,0
5,7,5_501_7_39300,,,0,,shp_5_501,0,0
11,13,11_1101_13_57000,,,0,,shp_11_1101,0,0
3,14,3_303_14_54480,,,0,,shp_3_303,0,0
12,13,12_1202_13_47700,,,1,,shp_12_1202,0,0
10,14,10_1002_14_39300,,,1,,shp_10_1002,0,0
12,14,12_1202_14_29700,,,1,,shp_12_1202,0,0
13,7,13_1301_7_41400,,,0,,shp_13_1301,0,0
12,14,12_1201_14_67500,,,0,,shp_12_1201,0,0
8,13,8_802_13_68400,,,1,,shp_8_802,0,0
9,15,9_901_15_50400,,,0,,shp_9_901,0,0
47,14,47_4701_14_16200,,,0,,shp_47_4701,0,0
12,14,12_1202_14_45900,,,1,,shp_12_1202,0,0
8,15,8_801_15_70800,,,0,,shp_8_801,0,0
13,13,13_1302_13_58200,,,1,,shp_13_1302,0,0
2,13,2_204_13_48600,,,1,,shp_2_204,0,0
11,13,11_1101_13_37800,,,0,,shp_11_1101,0,0
6,13,6_601_13_40200,,,0,,shp_6_601,0,0
5,13,5_502_13_67500,,,1,,shp_5_502,0,0
3,7,3_304_7_72300,,,1,,shp_3_304,0,0
4,14,4_403_14_37680,,,0,,shp_4_403,0,0
11,7,11_1102_7_26100,,,1,,shp_11_1102,0,0
11,15,11_1102_15_75600,,,1,,shp_11_1102,0,0
6,13,6_601_13_34800,,,0,,shp_6_601,0,0
11,14,11_1101_14_40500,,,0,,shp_11_1101,0,0
13,13,13_1301_13_30000,,,0,,shp_13_1301,0,0
4,13,4_404_13_70200,,,1,,shp_4_404,0,0
9,15,9_904_15_36900,,,1,,shp_9_904,0,0
4,13,4_403_13_27180,,,0,,shp_4_403,0,0
10,13,10_1003_13_80100,,,0,,shp_10_1003,0,0
6,7,6_601_7_72600,,,0,,shp_6_601,0,0
4,13,4_404_13_48600,,,1,,shp_4_404,0,0
2,7,2_205_7_50700,,,0,,shp_2_205,0,0
11,15,11_1101_15_48600,,,0,,shp_11_1101,0,0
3,13,3_304_13_62100,,,1,,shp_3_304,0,0
10,13,10_1003_13_58500,,,0,,shp_10_1003,0,0
11,14,11_1102_14_45900,,,1,,shp_11_1102,0,0
5,13,5_501_13_26700,,,0,,shp_5_501,0,0
8,13,8_802_13_41400,,,1,,shp_8_802,0,0
11,15,11_1101_15_70200,,,0,,shp_11_1101,0,0
7,13,7_702_13_33300,,,1,,shp_7_702,0,0
13,14,13_1302_14_27000,,,1,,shp_13_1302,0,0
11,15,11_1102_15_32400,,,1,,shp_11_1102,0,0
13,13,13_1302_13_35400,,,1,,shp_13_1302,0,0
13,13,13_1301_13_73200,,,0,,shp_13_1301,0,0
8,15,8_802_15_45000,,,1,,shp_8_802,0,0
11,13,11_1101_13_27000,,,0,,shp_11_1101,0,0
11,13,11_1102_13_81600,,,1,,shp_11_1102,0,0
12,7,12_1202_7_78300,,,1,,shp_12_1202,0,0
13,14,13_1302_14_43200,,,1,,shp_13_1302,0,0
3,13,3_304_13_54000,,,1,,shp_3_304,0,0
12,13,12_1201_13_35100,,,0,,shp_12_1201,0,0
13,14,13_1301_14_59400,,,0,,shp_13_1301,0,0
20,7,20_2001_7_78300,,,0,,shp_20_2001,0,0
8,13,8_801_13_27600,,,0,,shp_8_801,0,0
12,14,12_1202_14_35100,,,1,,shp_12_1202,0,0
6,15,6_601_15_38400,,,0,,shp_6_601,0,0
12,15,12_1201_15_62100,,,0,,shp_12_1201,0,0
11,14,11_1102_14_35100,,,1,,shp_11_1102,0,0
11,15,11_1102_15_52800,,,1,,shp_11_1102,0,0
7,14,7_701_14_80700,,,0,,shp_7_701,0,0
2,14,2_203_14_67500,,,0,,shp_2_203,0,0
5,15,5_502_15_54900,,,1,,shp_5_502,0,0
13,15,13_1302_15_39000,,,1,,shp_13_1302,0,0
7,15,7_701_15_62700,,,0,,shp_7_701,0,0
13,14,13_1301_14_24300,,,0,,shp_13_1301,0,0
5,7,5_501_7_62700,,,0,,shp_5_501,0,0
7,7,7_702_7_27900,,,1,,shp_7_702,0,0
20,13,20_2001_13_27000,,,0,,shp_20_2001,0,0
7,13,7_701_13_69900,,,0,,shp_7_701,0,0
8,14,8_801_14_65400,,,0,,shp_8_801,0,0
5,13,5_502_13_27900,,,1,,shp_5_502,0,0
12,7,12_1201_7_58500,,,0,,shp_12_1201,0,0
13,15,13_1302_15_49800,,,1,,shp_13_1302,0,0
13,13,13_1301_13_70800,,,0,,shp_13_1301,0,0
13,15,13_1302_15_59400,,,1,,shp_13_1302,0,0
8,15,8_802_15_55800,,,1,,shp_8_802,0,0
9,13,9_904_13_65700,,,1,,shp_9_904,0,0
11,7,11_1101_7_62100,,,0,,shp_11_1101,0,0
6,15,6_602_15_75000,,,1,,shp_6_602,0,0
11,13,11_1102_13_31200,,,1,,shp_11_1102,0,0
12,13,12_1202_13_63900,,,1,,shp_12_1202,0,0
4,15,4_403_15_70380,,,0,,shp_4_403,0,0
11,13,11_1101_13_77400,,,0,,shp_11_1101,0,0
12,15,12_1202_15_67500,,,1,,shp_12_1202,0,0
2,13,2_203_13_35100,,,0,,shp_2_203,0,0
5,15,5_502_15_60300,,,1,,shp_5_502,0,0
11,13,11_1101_13_47400,,,0,,shp_11_1101,0,0
13,13,13_1301_13_40800,,,0,,shp_13_1301,0,0
2,14,2_206_14_79800,,,1,,shp_2_206,0,0
10,7,10_1002_7_78900,,,1,,shp_10_1002,0,0
13,15,13_1301_15_74400,,,0,,shp_13_1301,0,0
5,14,5_502_14_49500,,,1,,shp_5_502,0,0
13,7,13_1302_7_61200,,,1,,shp_13_1302,0,0
7,7,7_701_7_33900,,,0,,shp_7_701,0,0
13,15,13_1302_15_29400,,,1,,shp_13_1302,0,0
4,15,4_404_15_41400,,,1,,shp_4_404,0,0
5,13,5_501_13_59100,,,0,,shp_5_501,0,0
12,15,12_1202_15_40500,,,1,,shp_12_1202,0,0
5,14,5_501_14_64500,,,0,,shp_5_501,0,0
7,14,7_701_14_30300,,,0,,shp_7_701,0,0
13,14,13_1301_14_32400,,,0,,shp_13_1301,0,0
11,7,11_1101_7_56700,,,0,,shp_11_1101,0,0
12,15,12_1201_15_56700,,,0,,shp_12_1201,0,0
3,15,3_303_15_62280,,,0,,shp_3_303,0,0
47,7,47_4701_7_5400,,,0,,shp_47_4701,0,0
10,15,10_1002_15_60900,,,1,,shp_10_1002,0,0
5,7,5_502_7_62100,,,1,,shp_5_502,0,0
13,7,13_1302_7_55800,,,1,,shp_13_1302,0,0
7,14,7_702_14_71100,,,1,,shp_7_702,0,0
6,13,6_602_13_71400,,,1,,shp_6_602,0,0
8,13,8_801_13_33000,,,0,,shp_8_801,0,0
13,13,13_1302_13_25800,,,1,,shp_13_1302,0,0
7,15,7_702_15_20700,,,1,,shp_7_702,0,0
13,7,13_1301_7_68400,,,0,,shp_13_1301,0,0
13,14,13_1301_14_22500,,,0,,shp_13_1301,0,0
12,13,12_1202_13_29700,,,1,,shp_12_1202,0,0
20,13,20_2001_13_20700,,,0,,shp_20_2001,0,0
11,15,11_1101_15_52200,,,0,,shp_11_1101,0,0
13,15,13_1301_15_46800,,,0,,shp_13_1301,0,0
13,14,13_1301_14_64800,,,0,,shp_13_1301,0,0
8,13,8_801_13_49200,,,0,,shp_8_801,0,0
7,14,7_701_14_23100,,,0,,shp_7_701,0,0
12,7,12_1201_7_26100,,,0,,shp_12_1201,0,0
41,7,41_4102_7_11100,,,1,,shp_41_4102,0,0
4,13,4_403_13_32580,,,0,,shp_4_403,0,0
7,13,7_701_13_41100,,,0,,shp_7_701,0,0
13,14,13_1302_14_45000,,,1,,shp_13_1302,0,0
13,13,13_1302_13_63000,,,1,,shp_13_1302,0,0
13,15,13_1301_15_57600,,,0,,shp_13_1301,0,0
13,14,13_1301_14_75600,,,0,,shp_13_1301,0,0
13,15,13_1302_15_27000,,,1,,shp_13_1302,0,0
11,7,11_1101_7_49500,,,0,,shp_11_1101,0,0
12,15,12_1202_15_45900,,,1,,shp_12_1202,0,0
12,15,12_1202_15_56700,,,1,,shp_12_1202,0,0
12,14,12_1202_14_74700,,,1,,shp_12_1202,0,0
2,14,2_204_14_77400,,,1,,shp_2_204,0,0
11,13,11_1102_13_40800,,,1,,shp_11_1102,0,0
13,13,13_1302_13_52200,,,1,,shp_13_1302,0,0
11,15,11_1101_15_63000,,,0,,shp_11_1101,0,0
3,15,3_303_15_41580,,,0,,shp_3_303,0,0
11,13,11_1102_13_51600,,,1,,shp_11_1102,0,0
13,14,13_1302_14_34200,,,1,,shp_13_1302,0,0
12,14,12_1202_14_63900,,,1,,shp_12_1202,0,0
9,14,9_904_14_36900,,,1,,shp_9_904,0,0
40,14,40_4001_14_19800,,,0,,shp_40_4001,0,0
8,13,8_801_13_38400,,,0,,shp_8_801,0,0
7,14,7_702_14_60300,,,1,,shp_7_702,0,0
11,14,11_1102_14_71100,,,1,,shp_11_1102,0,0
13,14,13_1302_14_23400,,,1,,shp_13_1302,0,0
9,13,9_904_13_54900,,,1,,shp_9_904,0,0
10,7,10_1003_7_58500,,,0,,shp_10_1003,0,0
47,7,47_4702_7_16200,,,0,,shp_47_4702,0,0
8,14,8_802_14_68400,,,1,,shp_8_802,0,0
11,15,11_1102_15_81600,,,1,,shp_11_1102,0,0
4,7,4_404_7_77100,,,1,,shp_4_404,0,0
9,15,9_904_15_80100,,,1,,shp_9_904,0,0
7,13,7_701_13_30300,,,0,,shp_7_701,0,0
6,15,6_601_15_29400,,,0,,shp_6_601,0,0
13,13,13_1301_13_27600,,,0,,shp_13_1301,0,0
5,7,5_502_7_63900,,,1,,shp_5_502,0,0
8,15,8_802_15_39600,,,1,,shp_8_802,0,0
2,14,2_205_14_50700,,,0,,shp_2_205,0,0
12,13,12_1201_13_69300,,,0,,shp_12_1201,0,0
7,15,7_702_15_53100,,,1,,shp_7_702,0,0
6,14,6_601_14_58200,,,0,,shp_6_601,0,0
11,14,11_1101_14_49500,,,0,,shp_11_1101,0,0
8,13,8_802_13_75600,,,1,,shp_8_802,0,0
11,7,11_1102_7_63900,,,1,,shp_11_1102,0,0
8,14,8_802_14_46800,,,1,,shp_8_802,0,0
5,14,5_501_14_50100,,,0,,shp_5_501,0,0
5,13,5_502_13_42300,,,1,,shp_5_502,0,0
8,15,8_801_15_76200,,,0,,shp_8_801,0,0
8,15,8_801_15_54600,,,0,,shp_8_801,0,0
6,13,6_601_13_65400,,,0,,shp_6_601,0,0
7,15,7_702_15_31500,,,1,,shp_7_702,0,0
7,7,7_701_7_69900,,,0,,shp_7_701,0,0
11,13,11_1101_13_39000,,,0,,shp_11_1101,0,0
13,7,13_1301_7_45000,,,0,,shp_13_1301,0,0
11,13,11_1102_13_68400,,,1,,shp_11_1102,0,0
13,15,13_1302_15_71400,,,1,,shp_13_1302,0,0
13,15,13_1301_15_31200,,,0,,shp_13_1301,0,0
2,7,2_205_7_75900,,,0,,shp_2_205,0,0
11,15,11_1101_15_69000,,,0,,shp_11_1101,0,0
13,15,13_1301_15_79200,,,0,,shp_13_1301,0,0
11,7,11_1102_7_62100,,,1,,shp_11_1102,0,0
10,7,10_1002_7_71700,,,1,,shp_10_1002,0,0
13,13,13_1302_13_78600,,,1,,shp_13_1302,0,0
4,14,4_403_14_41280,,,0,,shp_4_403,0,0
2,7,2_203_7_35100,,,0,,shp_2_203,0,0
3,13,3_304_13_72900,,,1,,shp_3_304,0,0
5,15,5_501_15_24300,,,0,,shp_5_501,0,0
4,14,4_403_14_52080,,,0,,shp_4_403,0,0
2,14,2_204_14_66600,,,1,,shp_2_204,0,0
7,13,7_702_13_26100,,,1,,shp_7_702,0,0
5,13,5_501_13_78900,,,0,,shp_5_501,0,0
12,13,12_1201_13_60300,,,0,,shp_12_1201,0,0
11,15,11_1101_15_30600,,,0,,shp_11_1101,0,0
20,15,20_2002_15_27900,,,1,,shp_20_2002,0,0
9,15,9_901_15_25200,,,0,,shp_9_901,0,0
11,13,11_1102_13_73200,,,1,,shp_11_1102,0,0
11,13,11_1101_13_33000,,,0,,shp_11_1101,0,0
2,13,2_204_13_73800,,,1,,shp_2_204,0,0
11,14,11_1102_14_60300,,,1,,shp_11_1102,0,0
3,7,3_304_7_58500,,,1,,shp_3_304,0,0
9,15,9_904_15_29700,,,1,,shp_9_904,0,0
2,14,2_206_14_54600,,,1,,shp_2_206,0,0
13,13,13_1302_13_30600,,,1,,shp_13_1302,0,0
11,15,11_1102_15_26400,,,1,,shp_11_1102,0,0
13,7,13_1302_7_68400,,,1,,shp_13_1302,0,0
3,7,3_303_7_68880,,,0,,shp_3_303,0,0
7,15,7_702_15_42300,,,1,,shp_7_702,0,0
12,14,12_1201_14_29700,,,0,,shp_12_1201,0,0
20,13,20_2002_13_21600,,,1,,shp_20_2002,0,0
40,7,40_4001_7_5400,,,0,,shp_40_4001,0,0
11,14,11_1102_14_72900,,,1,,shp_11_1102,0,0
13,15,13_1301_15_68400,,,0,,shp_13_1301,0,0
11,15,11_1101_15_41400,,,0,,shp_11_1101,0,0
2,15,2_204_15_59400,,,1,,shp_2_204,0,0
12,13,12_1201_13_71100,,,0,,shp_12_1201,0,0
13,15,13_1301_15_51600,,,0,,shp_13_1301,0,0
5,7,5_501_7_46500,,,0,,shp_5_501,0,0
13,14,13_1301_14_63000,,,0,,shp_13_1301,0,0
13,13,13_1302_13_67800,,,1,,shp_13_1302,0,0
8,13,8_802_13_52200,,,1,,shp_8_802,0,0
11,13,11_1102_13_57600,,,1,,shp_11_1102,0,0
8,14,8_801_14_72600,,,0,,shp_8_801,0,0
3,15,3_304_15_58500,,,1,,shp_3_304,0,0
3,14,3_304_14_65700,,,1,,shp_3_304,0,0
11,14,11_1101_14_38700,,,0,,shp_11_1101,0,0
13,13,13_1302_13_47400,,,1,,shp_13_1302,0,0
8,14,8_802_14_57600,,,1,,shp_8_802,0,0
10,14,10_1003_14_62100,,,0,,shp_10_1003,0,0
5,14,5_501_14_51900,,,0,,shp_5_501,0,0
5,15,5_501_15_44700,,,0,,shp_5_501,0,0
20,15,20_2001_15_78300,,,0,,shp_20_2001,0,0
13,7,13_1301_7_46800,,,0,,shp_13_1301,0,0
6,13,6_601_13_54600,,,0,,shp_6_601,0,0
11,7,11_1102_7_74700,,,1,,shp_11_1102,0,0
11,15,11_1101_15_58200,,,0,,shp_11_1101,0,0
5,15,5_501_15_32100,,,0,,shp_5_501,0,0
6,7,6_602_7_35400,,,1,,shp_6_602,0,0
8,13,8_802_13_64800,,,1,,shp_8_802,0,0
12,13,12_1201_13_36900,,,0,,shp_12_1201,0,0
6,14,6_601_14_47400,,,0,,shp_6_601,0,0
5,13,5_502_13_31500,,,1,,shp_5_502,0,0
8,15,8_801_15_65400,,,0,,shp_8_801,0,0
12,7,12_1202_7_38700,,,1,,shp_12_1202,0,0
5,15,5_501_15_55500,,,0,,shp_5_501,0,0
5,14,5_502_14_74700,,,1,,shp_5_502,0,0
13,14,13_1301_14_41400,,,0,,shp_13_1301,0,0
8,7,8_802_7_43200,,,1,,shp_8_802,0,0
13,15,13_1301_15_48000,,,0,,shp_13_1301,0,0
5,14,5_501_14_73500,,,0,,shp_5_501,0,0
6,13,6_602_13_44400,,,1,,shp_6_602,0,0
11,15,11_1102_15_76800,,,1,,shp_11_1102,0,0
3,7,3_304_7_75900,,,1,,shp_3_304,0,0
10,15,10_1003_15_44100,,,0,,shp_10_1003,0,0
13,15,13_1302_15_25800,,,1,,shp_13_1302,0,0
4,7,4_403_7_62880,,,0,,shp_4_403,0,0
4,13,4_403_13_66780,,,0,,shp_4_403,0,0
4,15,4_404_15_45000,,,1,,shp_4_404,0,0
10,13,10_1002_13_82500,,,1,,shp_10_1002,0,0
4,14,4_404_14_63000,,,1,,shp_4_404,0,0
5,13,5_501_13_28500,,,0,,shp_5_501,0,0
10,15,10_1002_15_46500,,,1,,shp_10_1002,0,0
11,13,11_1102_13_42000,,,1,,shp_11_1102,0,0
11,7,11_1101_7_51300,,,0,,shp_11_1101,0,0
3,14,3_303_14_68580,,,0,,shp_3_303,0,0
10,15,10_1002_15_35700,,,1,,shp_10_1002,0,0
6,15,6_601_15_31200,,,0,,shp_6_601,0,0
6,15,6_602_15_71400,,,1,,shp_6_602,0,0
10,14,10_1002_14_64500,,,1,,shp_10_1002,0,0
2,15,2_203_15_35100,,,0,,shp_2_203,0,0
13,7,13_1302_7_46800,,,1,,shp_13_1302,0,0
12,15,12_1201_15_63900,,,0,,shp_12_1201,0,0
11,13,11_1101_13_48600,,,0,,shp_11_1101,0,0
3,7,3_304_7_47700,,,1,,shp_3_304,0,0
13,14,13_1302_14_68400,,,1,,shp_13_1302,0,0
12,15,12_1202_15_33300,,,1,,shp_12_1202,0,0
5,15,5_502_15_45900,,,1,,shp_5_502,0,0
5,14,5_502_14_63900,,,1,,shp_5_502,0,0
8,13,8_801_13_40200,,,0,,shp_8_801,0,0
2,7,2_203_7_74700,,,0,,shp_2_203,0,0
6,14,6_602_14_54900,,,1,,shp_6_602,0,0
3,13,3_304_13_27000,,,1,,shp_3_304,0,0
2,13,2_203_13_60300,,,0,,shp_2_203,0,0
10,15,10_1002_15_71700,,,1,,shp_10_1002,0,0
10,15,10_1003_15_72900,,,0,,shp_10_1003,0,0
11,13,11_1101_13_61800,,,0,,shp_11_1101,0,0
13,7,13_1301_7_79200,,,0,,shp_13_1301,0,0
3,7,3_303_7_29880,,,0,,shp_3_303,0,0
4,13,4_404_13_45000,,,1,,shp_4_404,0,0
11,15,11_1101_15_25800,,,0,,shp_11_1101,0,0
7,15,7_702_15_81900,,,1,,shp_7_702,0,0
8,7,8_802_7_54000,,,1,,shp_8_802,0,0
10,13,10_1002_13_60900,,,1,,shp_10_1002,0,0
12,14,12_1201_14_53100,,,0,,shp_12_1201,0,0
10,7,10_1002_7_60900,,,1,,shp_10_1002,0,0
12,15,12_1202_15_44100,,,1,,shp_12_1202,0,0
11,15,11_1102_15_72000,,,1,,shp_11_1102,0,0
12,7,12_1202_7_74700,,,1,,shp_12_1202,0,0
5,13,5_501_13_66300,,,0,,shp_5_501,0,0
5,14,5_501_14_37500,,,0,,shp_5_501,0,0
9,7,9_904_7_44100,,,1,,shp_9_904,0,0
13,7,13_1301_7_57600,,,0,,shp_13_1301,0,0
2,13,2_204_13_45000,,,1,,shp_2_204,0,0
3,15,3_303_15_39780,,,0,,shp_3_303,0,0
5,15,5_501_15_77100,,,0,,shp_5_501,0,0
13,13,13_1302_13_36600,,,1,,shp_13_1302,0,0
3,15,3_304_15_54000,,,1,,shp_3_304,0,0
9,7,9_904_7_72900,,,1,,shp_9_904,0,0
11,15,11_1101_15_47400,,,0,,shp_11_1101,0,0
4,14,4_404_14_55500,,,1,,shp_4_404,0,0
13,15,13_1301_15_40800,,,0,,shp_13_1301,0,0
8,13,8_802_13_63000,,,1,,shp_8_802,0,0
12,7,12_1201_7_65700,,,0,,shp_12_1201,0,0
2,7,2_205_7_25500,,,0,,shp_2_205,0,0
11,13,11_1102_13_46800,,,1,,shp_11_1102,0,0
5,13,5_502_13_76500,,,1,,shp_5_502,0,0
6,13,6_601_13_31200,,,0,,shp_6_601,0,0
6,13,6_602_13_60600,,,1,,shp_6_602,0,0
3,15,3_304_15_69300,,,1,,shp_3_304,0,0
11,15,11_1102_15_31200,,,1,,shp_11_1102,0,0
13,15,13_1301_15_37200,,,0,,shp_13_1301,0,0
13,15,13_1302_15_66600,,,1,,shp_13_1302,0,0
12,7,12_1202_7_49500,,,1,,shp_12_1202,0,0
5,13,5_502_13_54900,,,1,,shp_5_502,0,0
20,7,20_2001_7_49500,,,0,,shp_20_2001,0,0
3,13,3_303_13_44280,,,0,,shp_3_303,0,0
5,7,5_502_7_51300,,,1,,shp_5_502,0,0
6,13,6_601_13_43800,,,0,,shp_6_601,0,0
6,14,6_601_14_25800,,,0,,shp_6_601,0,0
8,15,8_802_15_52200,,,1,,shp_8_802,0,0
8,15,8_801_15_43800,,,0,,shp_8_801,0,0
4,13,4_404_13_57600,,,1,,shp_4_404,0,0
8,14,8_802_14_79200,,,1,,shp_8_802,0,0
10,15,10_1002_15_68100,,,1,,shp_10_1002,0,0
3,13,3_304_13_30600,,,1,,shp_3_304,0,0
3,15,3_304_15_32400,,,1,,shp_3_304,0,0
3,15,3_304_15_36900,,,1,,shp_3_304,0,0
8,14,8_801_14_61800,,,0,,shp_8_801,0,0
13,7,13_1302_7_79200,,,1,,shp_13_1302,0,0
12,14,12_1201_14_31500,,,0,,shp_12_1201,0,0
13,13,13_1302_13_69000,,,1,,shp_13_1302,0,0
2,15,2_203_15_71100,,,0,,shp_2_203,0,0
12,15,12_1201_15_47700,,,0,,shp_12_1201,0,0
6,7,6_601_7_65400,,,0,,shp_6_601,0,0
13,13,13_1301_13_38400,,,0,,shp_13_1301,0,0
9,13,9_901_13_50400,,,0,,shp_9_901,0,0
11,14,11_1102_14_74100,,,1,,shp_11_1102,0,0
40,14,40_4002_14_9000,,,1,,shp_40_4002,0,0
7,15,7_701_15_55500,,,0,,shp_7_701,0,0
11,7,11_1102_7_69900,,,1,,shp_11_1102,0,0
10,13,10_1003_13_29700,,,0,,shp_10_1003,0,0
5,15,5_501_15_60900,,,0,,shp_5_501,0,0
5,15,5_502_15_78300,,,1,,shp_5_502,0,0
11,15,11_1102_15_48000,,,1,,shp_11_1102,0,0
13,13,13_1301_13_54000,,,0,,shp_13_1301,0,0
10,13,10_1002_13_32100,,,1,,shp_10_1002,0,0
7,7,7_702_7_24300,,,1,,shp_7_702,0,0
13,15,13_1302_15_58200,,,1,,shp_13_1302,0,0
12,14,12_1202_14_62100,,,1,,shp_12_1202,0,0
3,13,3_304_13_47700,,,1,,shp_3_304,0,0
2,15,2_204_15_48600,,,1,,shp_2_204,0,0
13,7,13_1302_7_70200,,,1,,shp_13_1302,0,0
11,15,11_1101_15_67800,,,0,,shp_11_1101,0,0
7,13,7_702_13_49500,,,1,,shp_7_702,0,0
3,13,3_304_13_39600,,,1,,shp_3_304,0,0
13,14,13_1302_14_46800,,,1,,shp_13_1302,0,0
11,7,11_1101_7_27900,,,0,,shp_11_1101,0,0
2,14,2_203_14_31500,,,0,,shp_2_203,0,0
3,14,3_303_14_43680,,,0,,shp_3_303,0,0
11,13,11_1102_13_62400,,,1,,shp_11_1102,0,0
7,14,7_701_14_51900,,,0,,shp_7_701,0,0
12,15,12_1201_15_35100,,,0,,shp_12_1201,0,0
5,13,5_501_13_33900,,,0,,shp_5_501,0,0
3,14,3_304_14_29100,,,1,,shp_3_304,0,0
3,13,3_303_13_36180,,,0,,shp_3_303,0,0
13,13,13_1302_13_72600,,,1,,shp_13_1302,0,0
5,13,5_502_13_18900,,,1,,shp_5_502,0,0
13,15,13_1301_15_73200,,,0,,shp_13_1301,0,0
5,7,5_501_7_68100,,,0,,shp_5_501,0,0
7,7,7_702_7_74700,,,1,,shp_7_702,0,0
8,15,8_802_15_28800,,,1,,shp_8_802,0,0
11,13,11_1101_13_31800,,,0,,shp_11_1101,0,0
12,13,12_1201_13_58500,,,0,,shp_12_1201,0,0
12,14,12_1201_14_23400,,,0,,shp_12_1201,0,0
6,7,6_602_7_60600,,,1,,shp_6_602,0,0
11,7,11_1102_7_49500,,,1,,shp_11_1102,0,0
10,7,10_1003_7_72900,,,0,,shp_10_1003,0,0
5,14,5_502_14_58500,,,1,,shp_5_502,0,0
7,13,7_701_13_28500,,,0,,shp_7_701,0,0
11,7,11_1102_7_40500,,,1,,shp_11_1102,0,0
11,14,11_1101_14_63900,,,0,,shp_11_1101,0,0
10,7,10_1003_7_69300,,,0,,shp_10_1003,0,0
10,14,10_1003_14_40500,,,0,,shp_10_1003,0,0
6,13,6_601_13_76200,,,0,,shp_6_601,0,0
11,13,11_1101_13_28200,,,0,,shp_11_1101,0,0
8,13,8_802_13_30600,,,1,,shp_8_802,0,0
8,15,8_801_15_31200,,,0,,shp_8_801,0,0
11,7,11_1101_7_81000,,,0,,shp_11_1101,0,0
40,14,40_4002_14_16200,,,1,,shp_40_4002,0,0
12,15,12_1201_15_19800,,,0,,shp_12_1201,0,0
8,15,8_802_15_77400,,,1,,shp_8_802,0,0
47,14,47_4702_14_5400,,,0,,shp_47_4702,0,0
41,14,41_4102_14_3900,,,1,,shp_41_4102,0,0
20,15,20_2002_15_21600,,,1,,shp_20_2002,0,0
3,14,3_304_14_68400,,,1,,shp_3_304,0,0
7,14,7_702_14_24300,,,1,,shp_7_702,0,0
11,13,11_1102_13_37200,,,1,,shp_11_1102,0,0
11,13,11_1101_13_75000,,,0,,shp_11_1101,0,0
13,15,13_1302_15_30600,,,1,,shp_13_1302,0,0
11,13,11_1102_13_26400,,,1,,shp_11_1102,0,0
11,13,11_1102_13_27600,,,1,,shp_11_1102,0,0
11,15,11_1101_15_39000,,,0,,shp_11_1101,0,0
4,14,4_403_14_63180,,,0,,shp_4_403,0,0
13,15,13_1302_15_40200,,,1,,shp_13_1302,0,0
3,13,3_304_13_44100,,,1,,shp_3_304,0,0
13,7,13_1301_7_72000,,,0,,shp_13_1301,0,0
5,14,5_502_14_40500,,,1,,shp_5_502,0,0
8,13,8_802_13_37800,,,1,,shp_8_802,0,0
6,14,6_602_14_49800,,,1,,shp_6_602,0,0
3,14,3_303_14_76680,,,0,,shp_3_303,0,0
8,13,8_801_13_74400,,,0,,shp_8_801,0,0
47,7,47_4701_7_16200,,,0,,shp_47_4701,0,0
3,15,3_303_15_58680,,,0,,shp_3_303,0,0
5,7,5_502_7_47700,,,1,,shp_5_502,0,0
6,13,6_602_13_67800,,,1,,shp_6_602,0,0
13,13,13_1301_13_68400,,,0,,shp_13_1301,0,0
13,13,13_1301_13_69600,,,0,,shp_13_1301,0,0
13,13,13_1301_13_79200,,,0,,shp_13_1301,0,0
8,15,8_802_15_66600,,,1,,shp_8_802,0,0
5,13,5_501_13_30300,,,0,,shp_5_501,0,0
5,15,5_502_15_22500,,,1,,shp_5_502,0,0
3,14,3_304_14_26100,,,1,,shp_3_304,0,0
7,15,7_701_15_30300,,,0,,shp_7_701,0,0
12,15,12_1201_15_58500,,,0,,shp_12_1201,0,0
6,7,6_601_7_54600,,,0,,shp_6_601,0,0
9,7,9_901_7_70200,,,0,,shp_9_901,0,0
9,13,9_901_13_25200,,,0,,shp_9_901,0,0
8,15,8_802_15_64800,,,1,,shp_8_802,0,0
47,7,47_4701_7_19800,,,0,,shp_47_4701,0,0
2,14,2_205_14_25500,,,0,,shp_2_205,0,0
3,13,3_303_13_41580,,,0,,shp_3_303,0,0
8,7,8_802_7_39600,,,1,,shp_8_802,0,0
13,14,13_1301_14_37800,,,0,,shp_13_1301,0,0
5,7,5_501_7_60900,,,0,,shp_5_501,0,0
2,15,2_204_15_73800,,,1,,shp_2_204,0,0
9,14,9_901_14_70200,,,0,,shp_9_901,0,0
11,15,11_1102_15_57600,,,1,,shp_11_1102,0,0
9,15,9_901_15_41400,,,0,,shp_9_901,0,0
12,15,12_1201_15_51300,,,0,,shp_12_1201,0,0
7,14,7_701_14_69900,,,0,,shp_7_701,0,0
12,7,12_1201_7_62100,,,0,,shp_12_1201,0,0
2,15,2_203_15_74700,,,0,,shp_2_203,0,0
12,15,12_1202_15_29700,,,1,,shp_12_1202,0,0
10,13,10_1003_13_33300,,,0,,shp_10_1003,0,0
12,13,12_1202_13_65700,,,1,,shp_12_1202,0,0
2,13,2_203_13_67500,,,0,,shp_2_203,0,0
6,7,6_601_7_51000,,,0,,shp_6_601,0,0
13,14,13_1302_14_61200,,,1,,shp_13_1302,0,0
13,13,13_1301_13_51600,,,0,,shp_13_1301,0,0
12,15,12_1202_15_72900,,,1,,shp_12_1202,0,0
11,7,11_1101_7_77700,,,0,,shp_11_1101,0,0
6,14,6_602_14_80100,,,1,,shp_6_602,0,0
8,15,8_801_15_29400,,,0,,shp_8_801,0,0
11,13,11_1101_13_41400,,,0,,shp_11_1101,0,0
11,13,11_1101_13_42600,,,0,,shp_11_1101,0,0
13,15,13_1302_15_63000,,,1,,shp_13_1302,0,0
7,13,7_701_13_80700,,,0,,shp_7_701,0,0
12,14,12_1201_14_65700,,,0,,shp_12_1201,0,0
5,15,5_501_15_71700,,,0,,shp_5_501,0,0
9,14,9_904_14_72900,,,1,,shp_9_904,0,0
4,14,4_403_14_26880,,,0,,shp_4_403,0,0
3,14,3_303_14_62280,,,0,,shp_3_303,0,0
13,14,13_1301_14_48600,,,0,,shp_13_1301,0,0
6,15,6_601_15_76200,,,0,,shp_6_601,0,0
5,14,5_502_14_60300,,,1,,shp_5_502,0,0
13,14,13_1301_14_28800,,,0,,shp_13_1301,0,0
11,7,11_1101_7_71700,,,0,,shp_11_1101,0,0
13,13,13_1301_13_46800,,,0,,shp_13_1301,0,0
11,14,11_1101_14_65700,,,0,,shp_11_1101,0,0
20,7,20_2002_7_79200,,,1,,shp_20_2002,0,0
5,7,5_501_7_73500,,,0,,shp_5_501,0,0
3,14,3_303_14_65880,,,0,,shp_3_303,0,0
11,7,11_1101_7_70500,,,0,,shp_11_1101,0,0
8,13,8_801_13_52800,,,0,,shp_8_801,0,0
12,14,12_1201_14_76500,,,0,,shp_12_1201,0,0
5,15,5_502_15_29700,,,1,,shp_5_502,0,0
10,15,10_1002_15_32100,,,1,,shp_10_1002,0,0
5,7,5_502_7_58500,,,1,,shp_5_502,0,0
13,13,13_1302_13_27000,,,1,,shp_13_1302,0,0
3,7,3_303_7_37080,,,0,,shp_3_303,0,0
4,7,4_403_7_73680,,,0,,shp_4_403,0,0
10,13,10_1002_13_78900,,,1,,shp_10_1002,0,0
12,15,12_1201_15_40500,,,0,,shp_12_1201,0,0
11,13,11_1101_13_69000,,,0,,shp_11_1101,0,0
6,15,6_601_15_43800,,,0,,shp_6_601,0,0
13,13,13_1301_13_42000,,,0,,shp_13_1301,0,0
3,15,3_304_15_30600,,,1,,shp_3_304,0,0
13,13,13_1301_13_62400,,,0,,shp_13_1301,0,0
4,15,4_404_15_57600,,,1,,shp_4_404,0,0
11,13,11_1101_13_52200,,,0,,shp_11_1101,0,0
12,13,12_1201_13_33300,,,0,,shp_12_1201,0,0
6,7,6_601_7_40200,,,0,,shp_6_601,0,0
10,15,10_1002_15_82500,,,1,,shp_10_1002,0,0
5,7,5_502_7_40500,,,1,,shp_5_502,0,0
10,14,10_1003_14_74700,,,0,,shp_10_1003,0,0
12,15,12_1202_15_71100,,,1,,shp_12_1202,0,0
6,14,6_602_14_42600,,,1,,shp_6_602,0,0
3,13,3_303_13_61380,,,0,,shp_3_303,0,0
9,15,9_904_15_44100,,,1,,shp_9_904,0,0
5,15,5_502_15_56700,,,1,,shp_5_502,0,0
7,15,7_701_15_77100,,,0,,shp_7_701,0,0
11,13,11_1102_13_43200,,,1,,shp_11_1102,0,0
13,14,13_1301_14_27000,,,0,,shp_13_1301,0,0
11,14,11_1102_14_25200,,,1,,shp_11_1102,0,0
9,13,9_901_13_45000,,,0,,shp_9_901,0,0
11,15,11_1101_15_36600,,,0,,shp_11_1101,0,0
13,13,13_1302_13_37800,,,1,,shp_13_1302,0,0
4,14,4_403_14_59280,,,0,,shp_4_403,0,0
7,7,7_702_7_49500,,,1,,shp_7_702,0,0
13,7,13_1302_7_57600,,,1,,shp_13_1302,0,0
7,7,7_702_7_71100,,,1,,shp_7_702,0,0
11,13,11_1101_13_59400,,,0,,shp_11_1101,0,0
10,14,10_1002_14_53700,,,1,,shp_10_1002,0,0
10,13,10_1003_13_72900,,,0,,shp_10_1003,0,0
11,13,11_1101_13_72600,,,0,,shp_11_1101,0,0
5,13,5_502_13_29700,,,1,,shp_5_502,0,0
10,13,10_1002_13_71700,,,1,,shp_10_1002,0,0
3,7,3_304_7_44100,,,1,,shp_3_304,0,0
5,14,5_501_14_59100,,,0,,shp_5_501,0,0
5,13,5_502_13_78300,,,1,,shp_5_502,0,0
4,13,4_403_13_55980,,,0,,shp_4_403,0,0
40,15,40_4002_15_84600,,,1,,shp_40_4002,0,0
5,13,5_501_13_77100,,,0,,shp_5_501,0,0
13,15,13_1301_15_62400,,,0,,shp_13_1301,0,0
8,15,8_802_15_30600,,,1,,shp_8_802,0,0
3,15,3_304_15_27000,,,1,,shp_3_304,0,0
8,14,8_802_14_61200,,,1,,shp_8_802,0,0
8,14,8_801_14_33000,,,0,,shp_8_801,0,0
10,13,10_1002_13_68100,,,1,,shp_10_1002,0,0
10,15,10_1003_15_47700,,,0,,shp_10_1003,0,0
7,15,7_701_15_28500,,,0,,shp_7_701,0,0
8,15,8_802_15_43200,,,1,,shp_8_802,0,0
8,13,8_801_13_51000,,,0,,shp_8_801,0,0
4,15,4_404_15_37800,,,1,,shp_4_404,0,0
2,14,2_204_14_41400,,,1,,shp_2_204,0,0
7,13,7_702_13_38700,,,1,,shp_7_702,0,0
20,14,20_2001_14_49500,,,0,,shp_20_2001,0,0
2,14,2_203_14_42300,,,0,,shp_2_203,0,0
12,15,12_1202_15_22500,,,1,,shp_12_1202,0,0
12,15,12_1201_15_60300,,,0,,shp_12_1201,0,0
12,14,12_1202_14_40500,,,1,,shp_12_1202,0,0
6,13,6_602_13_33600,,,1,,shp_6_602,0,0
8,7,8_802_7_32400,,,1,,shp_8_802,0,0
9,13,9_901_13_75600,,,0,,shp_9_901,0,0
12,14,12_1201_14_56700,,,0,,shp_12_1201,0,0
5,13,5_501_13_64500,,,0,,shp_5_501,0,0
5,14,5_502_14_47700,,,1,,shp_5_502,0,0
13,13,13_1301_13_49200,,,0,,shp_13_1301,0,0
5,14,5_501_14_46500,,,0,,shp_5_501,0,0
10,14,10_1003_14_51300,,,0,,shp_10_1003,0,0
11,7,11_1102_7_51300,,,1,,shp_11_1102,0,0
12,13,12_1201_13_47700,,,0,,shp_12_1201,0,0
11,15,11_1101_15_72600,,,0,,shp_11_1101,0,0
7,15,7_701_15_80700,,,0,,shp_7_701,0,0
13,14,13_1301_14_30600,,,0,,shp_13_1301,0,0
11,15,11_1102_15_34800,,,1,,shp_11_1102,0,0
12,13,12_1202_13_31500,,,1,,shp_12_1202,0,0
9,15,9_901_15_75600,,,0,,shp_9_901,0,0
11,14,11_1101_14_62100,,,0,,shp_11_1101,0,0
8,15,8_802_15_27000,,,1,,shp_8_802,0,0
3,14,3_303_14_29280,,,0,,shp_3_303,0,0
5,15,5_501_15_68100,,,0,,shp_5_501,0,0
11,15,11_1102_15_73200,,,1,,shp_11_1102,0,0
13,13,13_1301_13_32400,,,0,,shp_13_1301,0,0
20,15,20_2002_15_42300,,,1,,shp_20_2002,0,0
8,15,8_801_15_42000,,,0,,shp_8_801,0,0
8,7,8_801_7_51000,,,0,,shp_8_801,0,0
3,14,3_304_14_61200,,,1,,shp_3_304,0,0
3,14,3_304_14_76500,,,1,,shp_3_304,0,0
11,7,11_1101_7_82800,,,0,,shp_11_1101,0,0
11,14,11_1102_14_67500,,,1,,shp_11_1102,0,0
12,7,12_1202_7_27900,,,1,,shp_12_1202,0,0
5,13,5_501_13_24300,,,0,,shp_5_501,0,0
5,14,5_501_14_62700,,,0,,shp_5_501,0,0
11,15,11_1102_15_30000,,,1,,shp_11_1102,0,0
13,13,13_1302_13_33000,,,1,,shp_13_1302,0,0
20,15,20_2002_15_57600,,,1,,shp_20_2002,0,0
3,15,3_303_15_36180,,,0,,shp_3_303,0,0
13,15,13_1302_15_67800,,,1,,shp_13_1302,0,0
2,13,2_206_13_79800,,,1,,shp_2_206,0,0
40,7,40_4002_7_9000,,,1,,shp_40_4002,0,0
7,7,7_701_7_51900,,,0,,shp_7_701,0,0
8,13,8_801_13_65400,,,0,,shp_8_801,0,0
5,7,5_502_7_38700,,,1,,shp_5_502,0,0
8,14,8_801_14_47400,,,0,,shp_8_801,0,0
3,13,3_304_13_58500,,,1,,shp_3_304,0,0
7,13,7_702_13_51300,,,1,,shp_7_702,0,0
13,13,13_1301_13_52800,,,0,,shp_13_1301,0,0
5,14,5_501_14_26700,,,0,,shp_5_501,0,0
5,13,5_502_13_45900,,,1,,shp_5_502,0,0
5,13,5_501_13_44700,,,0,,shp_5_501,0,0
6,14,6_601_14_40200,,,0,,shp_6_601,0,0
13,15,13_1302_15_57000,,,1,,shp_13_1302,0,0
4,7,4_404_7_66300,,,1,,shp_4_404,0,0
11,14,11_1101_14_42300,,,0,,shp_11_1101,0,0
5,15,5_502_15_72900,,,1,,shp_5_502,0,0
9,15,9_904_15_54900,,,1,,shp_9_904,0,0
7,13,7_702_13_81900,,,1,,shp_7_702,0,0
7,14,7_701_14_62700,,,0,,shp_7_701,0,0
8,13,8_802_13_36000,,,1,,shp_8_802,0,0
12,14,12_1202_14_27900,,,1,,shp_12_1202,0,0
7,14,7_702_14_63900,,,1,,shp_7_702,0,0
7,15,7_701_15_44700,,,0,,shp_7_701,0,0
12,13,12_1202_13_45900,,,1,,shp_12_1202,0,0
4,14,4_404_14_33900,,,1,,shp_4_404,0,0
6,13,6_601_13_29400,,,0,,shp_6_601,0,0
3,15,3_303_15_44280,,,0,,shp_3_303,0,0
13,7,13_1302_7_73800,,,1,,shp_13_1302,0,0
5,15,5_502_15_42300,,,1,,shp_5_502,0,0
11,15,11_1102_15_70800,,,1,,shp_11_1102,0,0
6,15,6_601_15_56400,,,0,,shp_6_601,0,0
11,15,11_1101_15_66600,,,0,,shp_11_1101,0,0
11,7,11_1102_7_58500,,,1,,shp_11_1102,0,0
8,15,8_802_15_63000,,,1,,shp_8_802,0,0
7,15,7_702_15_49500,,,1,,shp_7_702,0,0
13,15,13_1302_15_47400,,,1,,shp_13_1302,0,0
13,15,13_1301_15_76800,,,0,,shp_13_1301,0,0
11,15,11_1102_15_50400,,,1,,shp_11_1102,0,0
11,15,11_1102_15_37200,,,1,,shp_11_1102,0,0
13,15,13_1301_15_42000,,,0,,shp_13_1301,0,0
3,14,3_303_14_32880,,,0,,shp_3_303,0,0
13,15,13_1302_15_60600,,,1,,shp_13_1302,0,0
2,15,2_204_15_37800,,,1,,shp_2_204,0,0
4,15,4_404_15_73800,,,1,,shp_4_404,0,0
7,14,7_701_14_59100,,,0,,shp_7_701,0,0
7,7,7_702_7_35100,,,1,,shp_7_702,0,0
10,13,10_1002_13_35700,,,1,,shp_10_1002,0,0
11,7,11_1101_7_38700,,,0,,shp_11_1101,0,0
4,15,4_403_15_32580,,,0,,shp_4_403,0,0
13,14,13_1301_14_50400,,,0,,shp_13_1301,0,0
5,15,5_501_15_28500,,,0,,shp_5_501,0,0
5,13,5_502_13_65700,,,1,,shp_5_502,0,0
41,7,41_4102_7_3900,,,1,,shp_41_4102,0,0
12,7,12_1201_7_76500,,,0,,shp_12_1201,0,0
12,14,12_1202_14_81000,,,1,,shp_12_1202,0,0
2,7,2_204_7_63000,,,1,,shp_2_204,0,0
8,7,8_801_7_65400,,,0,,shp_8_801,0,0
10,15,10_1003_15_33300,,,0,,shp_10_1003,0,0
11,15,11_1102_15_40800,,,1,,shp_11_1102,0,0
11,14,11_1101_14_79500,,,0,,shp_11_1101,0,0
13,7,13_1302_7_43200,,,1,,shp_13_1302,0,0
8,15,8_801_15_49200,,,0,,shp_8_801,0,0
12,15,12_1201_15_74700,,,0,,shp_12_1201,0,0
5,13,5_501_13_22200,,,0,,shp_5_501,0,0
11,14,11_1102_14_47700,,,1,,shp_11_1102,0,0
3,13,3_304_13_36000,,,1,,shp_3_304,0,0
11,15,11_1102_15_67200,,,1,,shp_11_1102,0,0
2,15,2_203_15_60300,,,0,,shp_2_203,0,0
7,13,7_702_13_31500,,,1,,shp_7_702,0,0
7,13,7_701_13_37500,,,0,,shp_7_701,0,0
11,13,11_1101_13_29400,,,0,,shp_11_1101,0,0
2,15,2_204_15_63000,,,1,,shp_2_204,0,0
6,15,6_602_15_60600,,,1,,shp_6_602,0,0
7,15,7_702_15_29700,,,1,,shp_7_702,0,0
13,15,13_1301_15_72000,,,0,,shp_13_1301,0,0
12,14,12_1202_14_47700,,,1,,shp_12_1202,0,0
6,15,6_602_15_57000,,,1,,shp_6_602,0,0
2,14,2_203_14_49500,,,0,,shp_2_203,0,0
12,7,12_1202_7_63900,,,1,,shp_12_1202,0,0
3,15,3_304_15_43200,,,1,,shp_3_304,0,0
13,15,13_1302_15_77400,,,1,,shp_13_1302,0,0
5,15,5_501_15_78900,,,0,,shp_5_501,0,0
3,13,3_303_13_39780,,,0,,shp_3_303,0,0
5,7,5_502_7_74700,,,1,,shp_5_502,0,0
13,15,13_1301_15_26400,,,0,,shp_13_1301,0,0
11,13,11_1102_13_50400,,,1,,shp_11_1102,0,0
11,7,11_1102_7_71100,,,1,,shp_11_1102,0,0
2,13,2_206_13_29400,,,1,,shp_2_206,0,0
3,15,3_304_15_64800,,,1,,shp_3_304,0,0
11,15,11_1101_15_51000,,,0,,shp_11_1101,0,0
13,15,13_1301_15_56400,,,0,,shp_13_1301,0,0
5,13,5_502_13_44100,,,1,,shp_5_502,0,0
13,7,13_1302_7_72000,,,1,,shp_13_1302,0,0
13,13,13_1302_13_51000,,,1,,shp_13_1302,0,0
13,15,13_1301_15_45600,,,0,,shp_13_1301,0,0
11,13,11_1102_13_52800,,,1,,shp_11_1102,0,0
5,14,5_502_14_26100,,,1,,shp_5_502,0,0
10,14,10_1003_14_58500,,,0,,shp_10_1003,0,0
12,14,12_1202_14_71100,,,1,,shp_12_1202,0,0
7,14,7_702_14_78300,,,1,,shp_7_702,0,0
4,14,4_403_14_55680,,,0,,shp_4_403,0,0
9,13,9_901_13_41400,,,0,,shp_9_901,0,0
12,15,12_1202_15_53100,,,1,,shp_12_1202,0,0
12,13,12_1201_13_40500,,,0,,shp_12_1201,0,0
12,14,12_1201_14_44100,,,0,,shp_12_1201,0,0
12,13,12_1201_13_62100,,,0,,shp_12_1201,0,0
9,14,9_901_14_34200,,,0,,shp_9_901,0,0
5,14,5_501_14_69900,,,0,,shp_5_501,0,0
10,13,10_1003_13_54900,,,0,,shp_10_1003,0,0
13,14,13_1301_14_61200,,,0,,shp_13_1301,0,0
11,14,11_1102_14_63900,,,1,,shp_11_1102,0,0
5,7,5_501_7_44700,,,0,,shp_5_501,0,0
13,14,13_1301_14_77400,,,0,,shp_13_1301,0,0
12,15,12_1201_15_26100,,,0,,shp_12_1201,0,0
8,14,8_802_14_43200,,,1,,shp_8_802,0,0
5,14,5_501_14_53700,,,0,,shp_5_501,0,0
12,13,12_1201_13_56700,,,0,,shp_12_1201,0,0
13,14,13_1302_14_48600,,,1,,shp_13_1302,0,0
10,14,10_1003_14_69300,,,0,,shp_10_1003,0,0
11,15,11_1101_15_31800,,,0,,shp_11_1101,0,0
13,7,13_1301_7_48600,,,0,,shp_13_1301,0,0
13,15,13_1301_15_58800,,,0,,shp_13_1301,0,0
13,7,13_1302_7_50400,,,1,,shp_13_1302,0,0
2,14,2_203_14_63900,,,0,,shp_2_203,0,0
11,7,11_1102_7_60300,,,1,,shp_11_1102,0,0
13,7,13_1302_7_66600,,,1,,shp_13_1302,0,0
3,13,3_304_13_43200,,,1,,shp_3_304,0,0
8,13,8_801_13_47400,,,0,,shp_8_801,0,0
2,15,2_204_15_52200,,,1,,shp_2_204,0,0
10,13,10_1002_13_39300,,,1,,shp_10_1002,0,0
3,7,3_303_7_44280,,,0,,shp_3_303,0,0
5,13,5_501_13_60900,,,0,,shp_5_501,0,0
5,15,5_502_15_71100,,,1,,shp_5_502,0,0
4,13,4_403_13_30780,,,0,,shp_4_403,0,0
13,14,13_1302_14_59400,,,1,,shp_13_1302,0,0
3,7,3_303_7_40680,,,0,,shp_3_303,0,0
13,13,13_1302_13_77400,,,1,,shp_13_1302,0,0
8,13,8_802_13_73800,,,1,,shp_8_802,0,0
12,15,12_1202_15_47700,,,1,,shp_12_1202,0,0
5,13,5_502_13_22500,,,1,,shp_5_502,0,0
11,7,11_1101_7_42300,,,0,,shp_11_1101,0,0
6,13,6_601_13_51000,,,0,,shp_6_601,0,0
10,7,10_1003_7_62100,,,0,,shp_10_1003,0,0
12,14,12_1202_14_72900,,,1,,shp_12_1202,0,0
12,15,12_1202_15_54900,,,1,,shp_12_1202,0,0
41,7,41_4101_7_16200,,,0,,shp_41_4101,0,0
5,7,5_502_7_76500,,,1,,shp_5_502,0,0
11,7,11_1102_7_54900,,,1,,shp_11_1102,0,0
3,7,3_303_7_65280,,,0,,shp_3_303,0,0
5,15,5_502_15_65700,,,1,,shp_5_502,0,0
8,15,8_801_15_74400,,,0,,shp_8_801,0,0
4,14,4_404_14_80100,,,1,,shp_4_404,0,0
6,15,6_602_15_27900,,,1,,shp_6_602,0,0
8,7,8_802_7_57600,,,1,,shp_8_802,0,0
3,14,3_304_14_62100,,,1,,shp_3_304,0,0
11,14,11_1101_14_35100,,,0,,shp_11_1101,0,0
13,15,13_1301_15_78000,,,0,,shp_13_1301,0,0
3,13,3_303_13_65880,,,0,,shp_3_303,0,0
8,7,8_802_7_64800,,,1,,shp_8_802,0,0
13,13,13_1302_13_31800,,,1,,shp_13_1302,0,0
11,13,11_1101_13_36600,,,0,,shp_11_1101,0,0
5,14,5_501_14_68100,,,0,,shp_5_501,0,0
11,13,11_1102_13_72000,,,1,,shp_11_1102,0,0
11,7,11_1101_7_69300,,,0,,shp_11_1101,0,0
13,14,13_1302_14_32400,,,1,,shp_13_1302,0,0
2,15,2_203_15_67500,,,0,,shp_2_203,0,0
13,15,13_1302_15_70200,,,1,,shp_13_1302,0,0
13,15,13_1302_15_72600,,,1,,shp_13_1302,0,0
13,15,13_1301_15_30000,,,0,,shp_13_1301,0,0
13,15,13_1301_15_32400,,,0,,shp_13_1301,0,0
11,13,11_1101_13_23400,,,0,,shp_11_1101,0,0
2,14,2_204_14_63000,,,1,,shp_2_204,0,0
11,15,11_1101_15_77400,,,0,,shp_11_1101,0,0
7,14,7_701_14_37500,,,0,,shp_7_701,0,0
11,13,11_1101_13_25800,,,0,,shp_11_1101,0,0
11,14,11_1101_14_27000,,,0,,shp_11_1101,0,0
8,15,8_802_15_32400,,,1,,shp_8_802,0,0
40,14,40_4001_14_9000,,,0,,shp_40_4001,0,0
5,15,5_502_15_76500,,,1,,shp_5_502,0,0
11,14,11_1101_14_47700,,,0,,shp_11_1101,0,0
8,13,8_802_13_61200,,,1,,shp_8_802,0,0
2,7,2_204_7_70200,,,1,,shp_2_204,0,0
11,15,11_1101_15_57000,,,0,,shp_11_1101,0,0
5,15,5_501_15_35700,,,0,,shp_5_501,0,0
10,14,10_1003_14_36900,,,0,,shp_10_1003,0,0
13,15,13_1301_15_50400,,,0,,shp_13_1301,0,0
2,15,2_203_15_38700,,,0,,shp_2_203,0,0
12,13,12_1202_13_26100,,,1,,shp_12_1202,0,0
5,13,5_502_13_49500,,,1,,shp_5_502,0,0
8,13,8_802_13_55800,,,1,,shp_8_802,0,0
13,13,13_1302_13_64200,,,1,,shp_13_1302,0,0
7,7,7_701_7_55500,,,0,,shp_7_701,0,0
47,14,47_4701_14_5400,,,0,,shp_47_4701,0,0
13,15,13_1301_15_52800,,,0,,shp_13_1301,0,0
11,7,11_1102_7_65700,,,1,,shp_11_1102,0,0
13,13,13_1302_13_66600,,,1,,shp_13_1302,0,0
4,13,4_404_13_77400,,,1,,shp_4_404,0,0
7,15,7_702_15_33300,,,1,,shp_7_702,0,0
4,13,4_404_13_59400,,,1,,shp_4_404,0,0
20,15,20_2001_15_41400,,,0,,shp_20_2001,0,0
3,15,3_303_15_50580,,,0,,shp_3_303,0,0
5,15,5_501_15_41100,,,0,,shp_5_501,0,0
3,13,3_304_13_32400,,,1,,shp_3_304,0,0
8,15,8_802_15_59400,,,1,,shp_8_802,0,0
10,13,10_1003_13_69300,,,0,,shp_10_1003,0,0
4,15,4_403_15_27180,,,0,,shp_4_403,0,0
10,13,10_1002_13_28500,,,1,,shp_10_1002,0,0
40,14,40_4001_14_12600,,,0,,shp_40_4001,0,0
5,14,5_502_14_33300,,,1,,shp_5_502,0,0
3,14,3_304_14_54300,,,1,,shp_3_304,0,0
11,14,11_1101_14_29700,,,0,,shp_11_1101,0,0
5,14,5_501_14_42900,,,0,,shp_5_501,0,0
11,7,11_1102_7_73500,,,1,,shp_11_1102,0,0
11,13,11_1102_13_58800,,,1,,shp_11_1102,0,0
11,15,11_1101_15_59400,,,0,,shp_11_1101,0,0
11,15,11_1101_15_37800,,,0,,shp_11_1101,0,0
11,13,11_1101_13_58200,,,0,,shp_11_1101,0,0
3,14,3_304_14_47100,,,1,,shp_3_304,0,0
3,7,3_303_7_25680,,,0,,shp_3_303,0,0
47,7,47_4701_7_1800,,,0,,shp_47_4701,0,0
11,13,11_1101_13_73800,,,0,,shp_11_1101,0,0
5,13,5_502_13_62100,,,1,,shp_5_502,0,0
7,15,7_701_15_69900,,,0,,shp_7_701,0,0
9,13,9_904_13_44100,,,1,,shp_9_904,0,0
3,14,3_304_14_75600,,,1,,shp_3_304,0,0
13,15,13_1301_15_63600,,,0,,shp_13_1301,0,0
2,14,2_203_14_45900,,,0,,shp_2_203,0,0
40,7,40_4001_7_12600,,,0,,shp_40_4001,0,0
2,13,2_204_13_37800,,,1,,shp_2_204,0,0
11,14,11_1102_14_62100,,,1,,shp_11_1102,0,0
5,13,5_501_13_53700,,,0,,shp_5_501,0,0
12,14,12_1201_14_45900,,,0,,shp_12_1201,0,0
12,13,12_1201_13_63900,,,0,,shp_12_1201,0,0
5,7,5_501_7_51900,,,0,,shp_5_501,0,0
10,14,10_1002_14_28500,,,1,,shp_10_1002,0,0
12,13,12_1201_13_74700,,,0,,shp_12_1201,0,0
12,15,12_1201_15_27900,,,0,,shp_12_1201,0,0
10,13,10_1002_13_46500,,,1,,shp_10_1002,0,0
5,14,5_501_14_35700,,,0,,shp_5_501,0,0
2,13,2_205_13_75900,,,0,,shp_2_205,0,0
3,14,3_304_14_70200,,,1,,shp_3_304,0,0
10,14,10_1002_14_50100,,,1,,shp_10_1002,0,0
13,13,13_1301_13_72000,,,0,,shp_13_1301,0,0
6,13,6_601_13_56400,,,0,,shp_6_601,0,0
20,13,20_2001_13_56700,,,0,,shp_20_2001,0,0
11,7,11_1102_7_79200,,,1,,shp_11_1102,0,0
7,7,7_702_7_38700,,,1,,shp_7_702,0,0
7,7,7_702_7_60300,,,1,,shp_7_702,0,0
2,14,2_203_14_56700,,,0,,shp_2_203,0,0
12,15,12_1201_15_33300,,,0,,shp_12_1201,0,0
8,14,8_801_14_36600,,,0,,shp_8_801,0,0
11,14,11_1102_14_82800,,,1,,shp_11_1102,0,0
13,13,13_1302_13_59400,,,1,,shp_13_1302,0,0
5,15,5_501_15_42900,,,0,,shp_5_501,0,0
13,14,13_1302_14_80100,,,1,,shp_13_1302,0,0
13,13,13_1301_13_31200,,,0,,shp_13_1301,0,0
3,14,3_304_14_64800,,,1,,shp_3_304,0,0
5,14,5_502_14_38700,,,1,,shp_5_502,0,0
6,7,6_602_7_67800,,,1,,shp_6_602,0,0
5,7,5_501_7_78900,,,0,,shp_5_501,0,0
13,13,13_1301_13_74400,,,0,,shp_13_1301,0,0
41,14,41_4101_14_5400,,,0,,shp_41_4101,0,0
41,7,41_4101_7_5400,,,0,,shp_41_4101,0,0
5,14,5_501_14_75300,,,0,,shp_5_501,0,0
20,15,20_2001_15_27000,,,0,,shp_20_2001,0,0
13,14,13_1301_14_55800,,,0,,shp_13_1301,0,0
13,13,13_1302_13_79800,,,1,,shp_13_1302,0,0
7,13,7_701_13_48300,,,0,,shp_7_701,0,0
9,13,9_901_13_34200,,,0,,shp_9_901,0,0
3,15,3_303_15_73080,,,0,,shp_3_303,0,0
5,14,5_502_14_44100,,,1,,shp_5_502,0,0
13,13,13_1302_13_57000,,,1,,shp_13_1302,0,0
6,7,6_602_7_54900,,,1,,shp_6_602,0,0
13,14,13_1301_14_43200,,,0,,shp_13_1301,0,0
11,13,11_1102_13_70800,,,1,,shp_11_1102,0,0
3,15,3_304_15_72900,,,1,,shp_3_304,0,0
10,14,10_1003_14_29700,,,0,,shp_10_1003,0,0
11,15,11_1101_15_71400,,,0,,shp_11_1101,0,0
3,13,3_304_13_40500,,,1,,shp_3_304,0,0
5,7,5_501_7_66300,,,0,,shp_5_501,0,0
47,14,47_4702_14_16200,,,0,,shp_47_4702,0,0
5,13,5_502_13_38700,,,1,,shp_5_502,0,0
6,14,6_601_14_33000,,,0,,shp_6_601,0,0
6,15,6_602_15_48000,,,1,,shp_6_602,0,0
10,14,10_1002_14_78900,,,1,,shp_10_1002,0,0
3,13,3_303_13_58680,,,0,,shp_3_303,0,0
3,7,3_303_7_33480,,,0,,shp_3_303,0,0
11,15,11_1102_15_54000,,,1,,shp_11_1102,0,0
13,15,13_1302_15_48600,,,1,,shp_13_1302,0,0
11,7,11_1101_7_35100,,,0,,shp_11_1101,0,0
2,13,2_204_13_59400,,,1,,shp_2_204,0,0
8,7,8_801_7_54600,,,0,,shp_8_801,0,0
13,14,13_1302_14_66600,,,1,,shp_13_1302,0,0
41,7,41_4102_7_18300,,,1,,shp_41_4102,0,0
5,15,5_502_15_31500,,,1,,shp_5_502,0,0
5,14,5_501_14_41100,,,0,,shp_5_501,0,0
2,13,2_205_13_25500,,,0,,shp_2_205,0,0
2,14,2_205_14_75900,,,0,,shp_2_205,0,0
3,15,3_304_15_44100,,,1,,shp_3_304,0,0
3,7,3_304_7_61500,,,1,,shp_3_304,0,0
7,7,7_701_7_44700,,,0,,shp_7_701,0,0
5,15,5_501_15_30300,,,0,,shp_5_501,0,0
11,15,11_1102_15_36000,,,1,,shp_11_1102,0,0
3,15,3_304_15_62100,,,1,,shp_3_304,0,0
11,15,11_1102_15_51600,,,1,,shp_11_1102,0,0
12,7,12_1201_7_47700,,,0,,shp_12_1201,0,0
5,14,5_502_14_76500,,,1,,shp_5_502,0,0
3,15,3_303_15_43380,,,0,,shp_3_303,0,0
3,14,3_303_14_61380,,,0,,shp_3_303,0,0
7,7,7_701_7_62700,,,0,,shp_7_701,0,0
13,14,13_1302_14_54000,,,1,,shp_13_1302,0,0
6,14,6_601_14_51000,,,0,,shp_6_601,0,0
6,15,6_601_15_33000,,,0,,shp_6_601,0,0
10,7,10_1002_7_57300,,,1,,shp_10_1002,0,0
8,14,8_802_14_50400,,,1,,shp_8_802,0,0
3,7,3_303_7_51480,,,0,,shp_3_303,0,0
13,15,13_1301_15_43200,,,0,,shp_13_1301,0,0
11,14,11_1102_14_56700,,,1,,shp_11_1102,0,0
4,13,4_404_13_37800,,,1,,shp_4_404,0,0
8,13,8_802_13_39600,,,1,,shp_8_802,0,0
7,15,7_701_15_41100,,,0,,shp_7_701,0,0
4,15,4_404_15_70200,,,1,,shp_4_404,0,0
6,15,6_601_15_27600,,,0,,shp_6_601,0,0
5,15,5_501_15_75300,,,0,,shp_5_501,0,0
12,7,12_1201_7_29700,,,0,,shp_12_1201,0,0
5,13,5_501_13_71700,,,0,,shp_5_501,0,0
10,15,10_1003_15_80100,,,0,,shp_10_1003,0,0
20,13,20_2002_13_42300,,,1,,shp_20_2002,0,0
12,14,12_1201_14_51300,,,0,,shp_12_1201,0,0
13,15,13_1302_15_28200,,,1,,shp_13_1302,0,0
4,7,4_404_7_69900,,,1,,shp_4_404,0,0
8,13,8_801_13_54600,,,0,,shp_8_801,0,0
11,13,11_1102_13_30000,,,1,,shp_11_1102,0,0
7,15,7_702_15_26100,,,1,,shp_7_702,0,0
2,15,2_203_15_45900,,,0,,shp_2_203,0,0
2,13,2_203_13_74700,,,0,,shp_2_203,0,0
5,13,5_502_13_56700,,,1,,shp_5_502,0,0
11,13,11_1102_13_32400,,,1,,shp_11_1102,0,0
3,15,3_304_15_46800,,,1,,shp_3_304,0,0
6,15,6_601_15_65400,,,0,,shp_6_601,0,0
13,14,13_1302_14_72000,,,1,,shp_13_1302,0,0
2,13,2_203_13_56700,,,0,,shp_2_203,0,0
5,15,5_501_15_57300,,,0,,shp_5_501,0,0
4,14,4_403_14_48480,,,0,,shp_4_403,0,0
13,15,13_1302_15_78600,,,1,,shp_13_1302,0,0
7,7,7_701_7_77100,,,0,,shp_7_701,0,0
5,15,5_501_15_69900,,,0,,shp_5_501,0,0
40,7,40_4002_7_1800,,,1,,shp_40_4002,0,0
2,14,2_204_14_70200,,,1,,shp_2_204,0,0
5,7,5_501_7_33900,,,0,,shp_5_501,0,0
12,14,12_1201_14_63900,,,0,,shp_12_1201,0,0
13,15,13_1301_15_25200,,,0,,shp_13_1301,0,0
9,7,9_904_7_80100,,,1,,shp_9_904,0,0
10,13,10_1003_13_47700,,,0,,shp_10_1003,0,0
12,15,12_1201_15_81000,,,0,,shp_12_1201,0,0
3,15,3_303_15_37980,,,0,,shp_3_303,0,0
13,15,13_1301_15_70800,,,0,,shp_13_1301,0,0
11,15,11_1102_15_69600,,,1,,shp_11_1102,0,0
12,13,12_1202_13_67500,,,1,,shp_12_1202,0,0
6,13,6_602_13_51600,,,1,,shp_6_602,0,0
7,7,7_702_7_56700,,,1,,shp_7_702,0,0
11,13,11_1102_13_28800,,,1,,shp_11_1102,0,0
4,13,4_403_13_73980,,,0,,shp_4_403,0,0
2,13,2_204_13_41400,,,1,,shp_2_204,0,0
4,15,4_403_15_34380,,,0,,shp_4_403,0,0
9,13,9_904_13_29700,,,1,,shp_9_904,0,0
3,15,3_304_15_39600,,,1,,shp_3_304,0,0
3,13,3_304_13_36900,,,1,,shp_3_304,0,0
3,13,3_304_13_75600,,,1,,shp_3_304,0,0
13,7,13_1301_7_64800,,,0,,shp_13_1301,0,0
6,13,6_602_13_78600,,,1,,shp_6_602,0,0
13,7,13_1302_7_34200,,,1,,shp_13_1302,0,0
4,13,4_403_13_70380,,,0,,shp_4_403,0,0
6,13,6_601_13_38400,,,0,,shp_6_601,0,0
5,15,5_501_15_73500,,,0,,shp_5_501,0,0
9,7,9_904_7_65700,,,1,,shp_9_904,0,0
12,15,12_1201_15_69300,,,0,,shp_12_1201,0,0
12,14,12_1202_14_49500,,,1,,shp_12_1202,0,0
6,13,6_602_13_75000,,,1,,shp_6_602,0,0
13,13,13_1301_13_67200,,,0,,shp_13_1301,0,0
8,15,8_801_15_27600,,,0,,shp_8_801,0,0
8,13,8_802_13_45000,,,1,,shp_8_802,0,0
13,13,13_1302_13_39000,,,1,,shp_13_1302,0,0
5,14,5_502_14_51300,,,1,,shp_5_502,0,0
13,13,13_1301_13_57600,,,0,,shp_13_1301,0,0
5,7,5_502_7_36900,,,1,,shp_5_502,0,0
3,15,3_303_15_69480,,,0,,shp_3_303,0,0
13,13,13_1302_13_29400,,,1,,shp_13_1302,0,0
13,14,13_1301_14_39600,,,0,,shp_13_1301,0,0
8,13,8_801_13_63600,,,0,,shp_8_801,0,0
5,15,5_502_15_33300,,,1,,shp_5_502,0,0
6,15,6_602_15_39000,,,1,,shp_6_602,0,0
10,14,10_1002_14_35700,,,1,,shp_10_1002,0,0
20,14,20_2001_14_78300,,,0,,shp_20_2001,0,0
13,7,13_1301_7_70200,,,0,,shp_13_1301,0,0
4,15,4_404_15_55800,,,1,,shp_4_404,0,0
13,14,13_1302_14_70200,,,1,,shp_13_1302,0,0
12,13,12_1202_13_40500,,,1,,shp_12_1202,0,0
8,15,8_801_15_24000,,,0,,shp_8_801,0,0
10,15,10_1003_15_65700,,,0,,shp_10_1003,0,0
11,14,11_1102_14_49500,,,1,,shp_11_1102,0,0
47,15,47_4701_15_84600,,,0,,shp_47_4701,0,0
5,7,5_502_7_33300,,,1,,shp_5_502,0,0
7,15,7_701_15_33900,,,0,,shp_7_701,0,0
8,13,8_801_13_60000,,,0,,shp_8_801,0,0
7,15,7_702_15_74700,,,1,,shp_7_702,0,0
8,15,8_801_15_33000,,,0,,shp_8_801,0,0
11,15,11_1102_15_56400,,,1,,shp_11_1102,0,0
5,7,5_502_7_42300,,,1,,shp_5_502,0,0
11,13,11_1102_13_48000,,,1,,shp_11_1102,0,0
13,14,13_1302_14_64800,,,1,,shp_13_1302,0,0
7,14,7_702_14_35100,,,1,,shp_7_702,0,0
11,14,11_1102_14_58500,,,1,,shp_11_1102,0,0
11,7,11_1101_7_76500,,,0,,shp_11_1101,0,0
5,13,5_502_13_63900,,,1,,shp_5_502,0,0
11,13,11_1102_13_25200,,,1,,shp_11_1102,0,0
11,15,11_1101_15_27000,,,0,,shp_11_1101,0,0
11,13,11_1101_13_43800,,,0,,shp_11_1101,0,0
7,15,7_701_15_59100,,,0,,shp_7_701,0,0
5,15,5_502_15_27900,,,1,,shp_5_502,0,0
11,13,11_1101_13_63000,,,0,,shp_11_1101,0,0
13,15,13_1302_15_42600,,,1,,shp_13_1302,0,0
2,14,2_203_14_38700,,,0,,shp_2_203,0,0
5,14,5_502_14_69300,,,1,,shp_5_502,0,0
10,14,10_1002_14_32100,,,1,,shp_10_1002,0,0
13,14,13_1302_14_73800,,,1,,shp_13_1302,0,0
5,14,5_502_14_78300,,,1,,shp_5_502,0,0
4,7,4_403_7_80880,,,0,,shp_4_403,0,0
3,14,3_303_14_50880,,,0,,shp_3_303,0,0
7,14,7_702_14_38700,,,1,,shp_7_702,0,0
11,15,11_1102_15_61200,,,1,,shp_11_1102,0,0
12,13,12_1202_13_76500,,,1,,shp_12_1202,0,0
11,7,11_1102_7_47700,,,1,,shp_11_1102,0,0
13,13,13_1301_13_44400,,,0,,shp_13_1301,0,0
5,7,5_502_7_69300,,,1,,shp_5_502,0,0
7,13,7_702_13_20700,,,1,,shp_7_702,0,0
5,13,5_502_13_60300,,,1,,shp_5_502,0,0
4,14,4_404_14_41100,,,1,,shp_4_404,0,0
5,14,5_502_14_42300,,,1,,shp_5_502,0,0
7,7,7_701_7_37500,,,0,,shp_7_701,0,0
11,15,11_1102_15_46800,,,1,,shp_11_1102,0,0
12,14,12_1202_14_58500,,,1,,shp_12_1202,0,0
5,15,5_502_15_58500,,,1,,shp_5_502,0,0
9,15,9_901_15_63000,,,0,,shp_9_901,0,0
8,15,8_802_15_68400,,,1,,shp_8_802,0,0
6,7,6_601_7_76200,,,0,,shp_6_601,0,0
47,7,47_4701_7_9000,,,0,,shp_47_4701,0,0
13,13,13_1301_13_34800,,,0,,shp_13_1301,0,0
13,14,13_1301_14_36000,,,0,,shp_13_1301,0,0
13,7,13_1301_7_61200,,,0,,shp_13_1301,0,0
2,13,2_205_13_50700,,,0,,shp_2_205,0,0
9,14,9_904_14_80100,,,1,,shp_9_904,0,0
3,13,3_304_13_50400,,,1,,shp_3_304,0,0
13,7,13_1302_7_59400,,,1,,shp_13_1302,0,0
4,14,4_404_14_73800,,,1,,shp_4_404,0,0
47,14,47_4702_14_1800,,,0,,shp_47_4702,0,0
9,15,9_904_15_65700,,,1,,shp_9_904,0,0
8,14,8_802_14_36000,,,1,,shp_8_802,0,0
10,14,10_1002_14_42900,,,1,,shp_10_1002,0,0
13,13,13_1301_13_64800,,,0,,shp_13_1301,0,0
11,13,11_1101_13_53400,,,0,,shp_11_1101,0,0
6,15,6_601_15_58200,,,0,,shp_6_601,0,0
13,15,13_1302_15_52200,,,1,,shp_13_1302,0,0
13,14,13_1302_14_81900,,,1,,shp_13_1302,0,0
6,15,6_601_15_34800,,,0,,shp_6_601,0,0
4,15,4_404_15_48600,,,1,,shp_4_404,0,0
10,14,10_1002_14_68100,,,1,,shp_10_1002,0,0
12,7,12_1201_7_51300,,,0,,shp_12_1201,0,0
11,14,11_1102_14_31500,,,1,,shp_11_1102,0,0
11,13,11_1101_13_70200,,,0,,shp_11_1101,0,0
13,14,13_1301_14_45000,,,0,,shp_13_1301,0,0
8,14,8_801_14_51000,,,0,,shp_8_801,0,0
10,15,10_1003_15_58500,,,0,,shp_10_1003,0,0
5,14,5_501_14_60900,,,0,,shp_5_501,0,0
11,13,11_1102_13_38400,,,1,,shp_11_1102,0,0
3,13,3_304_13_69300,,,1,,shp_3_304,0,0
8,15,8_802_15_41400,,,1,,shp_8_802,0,0
13,7,13_1301_7_55800,,,0,,shp_13_1301,0,0
5,13,5_501_13_55500,,,0,,shp_5_501,0,0
40,14,40_4002_14_5400,,,1,,shp_40_4002,0,0
13,15,13_1302_15_35400,,,1,,shp_13_1302,0,0
12,14,12_1202_14_31500,,,1,,shp_12_1202,0,0
7,15,7_701_15_66300,,,0,,shp_7_701,0,0
8,13,8_801_13_70800,,,0,,shp_8_801,0,0
8,14,8_801_14_69000,,,0,,shp_8_801,0,0
6,15,6_601_15_40200,,,0,,shp_6_601,0,0
20,14,20_2001_14_20700,,,0,,shp_20_2001,0,0
7,13,7_702_13_53100,,,1,,shp_7_702,0,0
5,14,5_502_14_45900,,,1,,shp_5_502,0,0
20,7,20_2002_7_50400,,,1,,shp_20_2002,0,0
3,14,3_304_14_72000,,,1,,shp_3_304,0,0
3,13,3_303_13_64980,,,0,,shp_3_303,0,0
4,14,4_404_14_44700,,,1,,shp_4_404,0,0
2,13,2_203_13_31500,,,0,,shp_2_203,0,0
5,13,5_501_13_46500,,,0,,shp_5_501,0,0
5,14,5_502_14_36900,,,1,,shp_5_502,0,0
7,13,7_702_13_56700,,,1,,shp_7_702,0,0
47,14,47_4701_14_12600,,,0,,shp_47_4701,0,0
11,15,11_1101_15_61800,,,0,,shp_11_1101,0,0
12,14,12_1202_14_22500,,,1,,shp_12_1202,0,0
7,13,7_701_13_62700,,,0,,shp_7_701,0,0
13,15,13_1302_15_55800,,,1,,shp_13_1302,0,0
12,7,12_1201_7_54900,,,0,,shp_12_1201,0,0
2,7,2_203_7_67500,,,0,,shp_2_203,0,0
3,15,3_303_15_76680,,,0,,shp_3_303,0,0
9,14,9_901_14_41400,,,0,,shp_9_901,0,0
5,15,5_502_15_40500,,,1,,shp_5_502,0,0
41,14,41_4101_14_12600,,,0,,shp_41_4101,0,0
7,7,7_702_7_63900,,,1,,shp_7_702,0,0
5,7,5_501_7_26700,,,0,,shp_5_501,0,0
2,13,2_204_13_34200,,,1,,shp_2_204,0,0
40,15,40_4001_15_84600,,,0,,shp_40_4001,0,0
6,14,6_602_14_67800,,,1,,shp_6_602,0,0
4,7,4_403_7_70080,,,0,,shp_4_403,0,0
13,13,13_1302_13_61800,,,1,,shp_13_1302,0,0
2,13,2_203_13_71100,,,0,,shp_2_203,0,0
13,14,13_1302_14_57600,,,1,,shp_13_1302,0,0
6,14,6_602_14_29700,,,1,,shp_6_602,0,0
5,13,5_501_13_39300,,,0,,shp_5_501,0,0
11,14,11_1101_14_80700,,,0,,shp_11_1101,0,0
10,15,10_1002_15_30300,,,1,,shp_10_1002,0,0
5,15,5_502_15_67500,,,1,,shp_5_502,0,0
40,14,40_4001_14_1800,,,0,,shp_40_4001,0,0
2,13,2_203_13_49500,,,0,,shp_2_203,0,0
3,13,3_303_13_22680,,,0,,shp_3_303,0,0
8,13,8_802_13_54000,,,1,,shp_8_802,0,0
5,7,5_502_7_26100,,,1,,shp_5_502,0,0
13,14,13_1301_14_46800,,,0,,shp_13_1301,0,0
5,14,5_501_14_78900,,,0,,shp_5_501,0,0
4,14,4_404_14_66600,,,1,,shp_4_404,0,0
7,15,7_702_15_27900,,,1,,shp_7_702,0,0
5,7,5_501_7_69900,,,0,,shp_5_501,0,0
13,14,13_1302_14_30600,,,1,,shp_13_1302,0,0
6,13,6_601_13_47400,,,0,,shp_6_601,0,0
5,7,5_501_7_75300,,,0,,shp_5_501,0,0
10,14,10_1003_14_76500,,,0,,shp_10_1003,0,0
13,7,13_1301_7_54000,,,0,,shp_13_1301,0,0
13,14,13_1301_14_52200,,,0,,shp_13_1301,0,0
40,7,40_4002_7_19800,,,1,,shp_40_4002,0,0
10,14,10_1002_14_75300,,,1,,shp_10_1002,0,0
12,7,12_1201_7_44100,,,0,,shp_12_1201,0,0
11,13,11_1101_13_60600,,,0,,shp_11_1101,0,0
13,15,13_1302_15_45000,,,1,,shp_13_1302,0,0
12,13,12_1201_13_72900,,,0,,shp_12_1201,0,0
5,15,5_501_15_33900,,,0,,shp_5_501,0,0
12,7,12_1202_7_71100,,,1,,shp_12_1202,0,0
12,13,12_1202_13_81000,,,1,,shp_12_1202,0,0
12,15,12_1202_15_60300,,,1,,shp_12_1202,0,0
13,15,13_1301_15_38400,,,0,,shp_13_1301,0,0
3,13,3_304_13_68400,,,1,,shp_3_304,0,0
10,14,10_1003_14_26100,,,0,,shp_10_1003,0,0
13,13,13_1301_13_22500,,,0,,shp_13_1301,0,0
3,15,3_304_15_47700,,,1,,shp_3_304,0,0
13,7,13_1302_7_41400,,,1,,shp_13_1302,0,0
11,13,11_1102_13_45600,,,1,,shp_11_1102,0,0
13,15,13_1302_15_22200,,,1,,shp_13_1302,0,0
13,15,13_1301_15_60000,,,0,,shp_13_1301,0,0
5,15,5_501_15_18600,,,0,,shp_5_501,0,0
5,15,5_502_15_18900,,,1,,shp_5_502,0,0
11,13,11_1101_13_40200,,,0,,shp_11_1101,0,0
7,14,7_701_14_44700,,,0,,shp_7_701,0,0
12,15,12_1201_15_76500,,,0,,shp_12_1201,0,0
13,15,13_1302_15_65400,,,1,,shp_13_1302,0,0
20,15,20_2002_15_79200,,,1,,shp_20_2002,0,0
13,13,13_1301_13_37200,,,0,,shp_13_1301,0,0
12,14,12_1202_14_65700,,,1,,shp_12_1202,0,0
5,13,5_502_13_53100,,,1,,shp_5_502,0,0
3,7,3_303_7_72480,,,0,,shp_3_303,0,0
5,14,5_502_14_35100,,,1,,shp_5_502,0,0
10,7,10_1002_7_64500,,,1,,shp_10_1002,0,0
3,14,3_303_14_40080,,,0,,shp_3_303,0,0
8,15,8_801_15_67200,,,0,,shp_8_801,0,0
9,14,9_901_14_25200,,,0,,shp_9_901,0,0
8,15,8_802_15_75600,,,1,,shp_8_802,0,0
5,15,5_502_15_24300,,,1,,shp_5_502,0,0
12,13,12_1202_13_27900,,,1,,shp_12_1202,0,0
11,14,11_1102_14_75300,,,1,,shp_11_1102,0,0
6,13,6_602_13_35400,,,1,,shp_6_602,0,0
5,15,5_502_15_80100,,,1,,shp_5_502,0,0
5,7,5_501_7_59100,,,0,,shp_5_501,0,0
12,14,12_1201_14_54900,,,0,,shp_12_1201,0,0
4,14,4_404_14_51900,,,1,,shp_4_404,0,0
12,15,12_1201_15_36900,,,0,,shp_12_1201,0,0
5,13,5_501_13_62700,,,0,,shp_5_501,0,0
5,7,5_501_7_42900,,,0,,shp_5_501,0,0
5,14,5_501_14_44700,,,0,,shp_5_501,0,0
12,7,12_1202_7_31500,,,1,,shp_12_1202,0,0
3,13,3_304_13_28800,,,1,,shp_3_304,0,0
8,13,8_802_13_48600,,,1,,shp_8_802,0,0
11,15,11_1102_15_39600,,,1,,shp_11_1102,0,0
20,13,20_2002_13_27900,,,1,,shp_20_2002,0,0
11,15,11_1102_15_49200,,,1,,shp_11_1102,0,0
8,7,8_801_7_47400,,,0,,shp_8_801,0,0
7,13,7_701_13_55500,,,0,,shp_7_701,0,0
3,13,3_303_13_57780,,,0,,shp_3_303,0,0
7,14,7_702_14_45900,,,1,,shp_7_702,0,0
7,13,7_702_13_63900,,,1,,shp_7_702,0,0
2,15,2_204_15_45000,,,1,,shp_2_204,0,0
47,7,47_4702_7_9000,,,0,,shp_47_4702,0,0
10,13,10_1002_13_53700,,,1,,shp_10_1002,0,0
13,13,13_1302_13_41400,,,1,,shp_13_1302,0,0
11,15,11_1101_15_64200,,,0,,shp_11_1101,0,0
12,14,12_1201_14_60300,,,0,,shp_12_1201,0,0
4,14,4_403_14_30480,,,0,,shp_4_403,0,0
7,7,7_702_7_53100,,,1,,shp_7_702,0,0
8,15,8_802_15_25200,,,1,,shp_8_802,0,0
9,15,9_904_15_72900,,,1,,shp_9_904,0,0
13,15,13_1301_15_28800,,,0,,shp_13_1301,0,0
8,13,8_801_13_25500,,,0,,shp_8_801,0,0
12,13,12_1202_13_33300,,,1,,shp_12_1202,0,0
7,15,7_701_15_32100,,,0,,shp_7_701,0,0
10,15,10_1002_15_57300,,,1,,shp_10_1002,0,0
13,14,13_1301_14_79200,,,0,,shp_13_1301,0,0
3,15,3_303_15_28980,,,0,,shp_3_303,0,0
8,15,8_801_15_40200,,,0,,shp_8_801,0,0
11,14,11_1102_14_65700,,,1,,shp_11_1102,0,0
11,14,11_1101_14_54900,,,0,,shp_11_1101,0,0
12,13,12_1201_13_49500,,,0,,shp_12_1201,0,0
13,13,13_1302_13_71400,,,1,,shp_13_1302,0,0
11,15,11_1101_15_34200,,,0,,shp_11_1101,0,0
3,13,3_304_13_76500,,,1,,shp_3_304,0,0
3,15,3_304_15_61200,,,1,,shp_3_304,0,0
7,15,7_702_15_67500,,,1,,shp_7_702,0,0
13,14,13_1302_14_63000,,,1,,shp_13_1302,0,0
12,7,12_1202_7_81900,,,1,,shp_12_1202,0,0
2,7,2_204_7_45000,,,1,,shp_2_204,0,0
9,14,9_901_14_75600,,,0,,shp_9_901,0,0
2,14,2_204_14_73800,,,1,,shp_2_204,0,0
11,14,11_1101_14_60300,,,0,,shp_11_1101,0,0
4,13,4_403_13_63180,,,0,,shp_4_403,0,0
10,13,10_1003_13_44100,,,0,,shp_10_1003,0,0
2,15,2_203_15_42300,,,0,,shp_2_203,0,0
7,14,7_701_14_77100,,,0,,shp_7_701,0,0
8,14,8_801_14_29400,,,0,,shp_8_801,0,0
8,15,8_801_15_34800,,,0,,shp_8_801,0,0
2,15,2_206_15_54600,,,1,,shp_2_206,0,0
3,13,3_303_13_55080,,,0,,shp_3_303,0,0
13,15,13_1302_15_75000,,,1,,shp_13_1302,0,0
7,15,7_701_15_26700,,,0,,shp_7_701,0,0
11,13,11_1101_13_30600,,,0,,shp_11_1101,0,0
11,13,11_1102_13_78000,,,1,,shp_11_1102,0,0
20,13,20_2001_13_49500,,,0,,shp_20_2001,0,0
5,15,5_501_15_66300,,,0,,shp_5_501,0,0
