shape_id,shape_pt_lat,shape_pt_lon,shape_pt_sequence
shp_1_1,43.308130000000006,-1.8796800000000002,0
shp_1_1,43.308110000000006,-1.8801,1
shp_1_1,43.30809000000001,-1.8803500000000002,2
shp_1_1,43.308080000000004,-1.8804900000000002,3
shp_1_1,43.308080000000004,-1.88057,4
shp_1_1,43.308080000000004,-1.8805900000000002,5
shp_1_1,43.308080000000004,-1.88064,6
shp_1_1,43.30807,-1.8806800000000001,7
shp_1_1,43.30805,-1.8807300000000002,8
shp_1_1,43.30800000000001,-1.8808000000000002,9
shp_1_1,43.30801,-1.88084,10
shp_1_1,43.308020000000006,-1.8808600000000002,11
shp_1_1,43.30805,-1.88104,12
shp_1_1,43.308060000000005,-1.8811300000000002,13
shp_1_1,43.308060000000005,-1.8811400000000003,14
shp_1_1,43.30807,-1.88115,15
shp_1_1,43.308080000000004,-1.8811600000000002,16
shp_1_1,43.30809000000001,-1.8811700000000002,17
shp_1_1,43.30809000000001,-1.88118,18
shp_1_1,43.3081,-1.8811900000000001,19
shp_1_1,43.3081,-1.8812000000000002,20
shp_1_1,43.308110000000006,-1.88121,21
shp_1_1,43.30812,-1.8812300000000002,22
shp_1_1,43.30812,-1.88125,23
shp_1_1,43.308130000000006,-1.8812700000000002,24
shp_1_1,43.308130000000006,-1.8812900000000001,25
shp_1_1,43.308130000000006,-1.8813100000000003,26
shp_1_1,43.308130000000006,-1.8813300000000002,27
shp_1_1,43.308130000000006,-1.88135,28
shp_1_1,43.308130000000006,-1.8813700000000002,29
shp_1_1,43.308130000000006,-1.8813900000000001,30
shp_1_1,43.308130000000006,-1.8814100000000002,31
shp_1_1,43.30812,-1.8814300000000002,32
shp_1_1,43.308110000000006,-1.88145,33
shp_1_1,43.308110000000006,-1.8814700000000002,34
shp_1_1,43.3081,-1.88149,35
shp_1_1,43.30809000000001,-1.8815000000000002,36
shp_1_1,43.308080000000004,-1.88152,37
shp_1_1,43.30807,-1.8815300000000001,38
shp_1_1,43.30805,-1.88155,39
shp_1_1,43.308040000000005,-1.8815600000000001,40
shp_1_1,43.30803,-1.8815700000000002,41
shp_1_1,43.30801,-1.8815800000000003,42
shp_1_1,43.30800000000001,-1.8815800000000003,43
shp_1_1,43.30798,-1.88159,44
shp_1_1,43.307970000000005,-1.88159,45
shp_1_1,43.307950000000005,-1.88159,46
shp_1_1,43.30794,-1.88159,47
shp_1_1,43.30791000000001,-1.88159,48
shp_1_1,43.307900000000004,-1.8815800000000003,49
shp_1_1,43.30789,-1.8815700000000002,50
shp_1_1,43.307880000000004,-1.8815700000000002,51
shp_1_1,43.307860000000005,-1.8815600000000001,52
shp_1_1,43.307860000000005,-1.88155,53
shp_1_1,43.30785,-1.88155,54
shp_1_1,43.307840000000006,-1.8815400000000002,55
shp_1_1,43.30783,-1.8815300000000001,56
shp_1_1,43.307610000000004,-1.88159,57
shp_1_1,43.30751,-1.8816300000000001,58
shp_1_1,43.30744000000001,-1.8816400000000002,59
shp_1_1,43.30742,-1.88165,60
shp_1_1,43.30722,-1.8817700000000002,61
shp_1_1,43.307210000000005,-1.88179,62
shp_1_1,43.3072,-1.88179,63
shp_1_1,43.30713,-1.8818500000000002,64
shp_1_1,43.307120000000005,-1.88186,65
shp_1_1,43.30689,-1.88203,66
shp_1_1,43.30631,-1.8824200000000002,67
shp_1_1,43.30628,-1.88247,68
shp_1_1,43.30628,-1.8824800000000002,69
shp_1_1,43.306270000000005,-1.8824800000000002,70
shp_1_1,43.3061,-1.8825900000000002,71
shp_1_1,43.30595,-1.8826900000000002,72
shp_1_1,43.30584,-1.8827800000000001,73
shp_1_1,43.30577,-1.8828300000000002,74
shp_1_1,43.30566,-1.8829300000000002,75
shp_1_1,43.30566,-1.8829500000000001,76
shp_1_1,43.30566,-1.8829600000000002,77
shp_1_1,43.30565000000001,-1.88298,78
shp_1_1,43.30565000000001,-1.8830000000000002,79
shp_1_1,43.305640000000004,-1.88301,80
shp_1_1,43.305640000000004,-1.8830200000000001,81
shp_1_1,43.30563,-1.88304,82
shp_1_1,43.30563,-1.8830500000000001,83
shp_1_1,43.30561,-1.8830700000000002,84
shp_1_1,43.305600000000005,-1.88308,85
shp_1_1,43.30559,-1.8830900000000002,86
shp_1_1,43.305580000000006,-1.8831000000000002,87
shp_1_1,43.30557,-1.88311,88
shp_1_1,43.30556000000001,-1.88311,89
shp_1_1,43.305550000000004,-1.8831200000000001,90
shp_1_1,43.30554,-1.8831200000000001,91
shp_1_1,43.30552,-1.8831300000000002,92
shp_1_1,43.3055,-1.8831300000000002,93
shp_1_1,43.305490000000006,-1.8831300000000002,94
shp_1_1,43.30548,-1.8831300000000002,95
shp_1_1,43.305460000000004,-1.8831300000000002,96
shp_1_1,43.30545,-1.8831200000000001,97
shp_1_1,43.305440000000004,-1.8831200000000001,98
shp_1_1,43.30543,-1.88311,99
shp_1_1,43.305420000000005,-1.8831000000000002,100
shp_1_1,43.305400000000006,-1.8831000000000002,101
shp_1_1,43.30538000000001,-1.8831200000000001,102
shp_1_1,43.30529000000001,-1.88321,103
shp_1_1,43.30519,-1.8832900000000001,104
shp_1_1,43.30507,-1.88338,105
shp_1_1,43.30485,-1.8835400000000002,106
shp_1_1,43.30476,-1.88359,107
shp_1_1,43.304700000000004,-1.88362,108
shp_1_1,43.304570000000005,-1.8836600000000001,109
shp_1_1,43.304460000000006,-1.8836600000000001,110
shp_1_1,43.30445,-1.8836600000000001,111
shp_1_1,43.30436,-1.8836600000000001,112
shp_1_1,43.30435000000001,-1.8836600000000001,113
shp_1_1,43.30427,-1.8836400000000002,114
shp_1_1,43.30427,-1.8836400000000002,115
shp_1_1,43.30402,-1.8835100000000002,116
shp_1_1,43.304010000000005,-1.88352,117
shp_1_1,43.304,-1.88352,118
shp_1_1,43.30398,-1.8835300000000001,119
shp_1_1,43.30397000000001,-1.8835400000000002,120
shp_1_1,43.303960000000004,-1.8835400000000002,121
shp_1_1,43.30395,-1.88355,122
shp_1_1,43.30393,-1.88355,123
shp_1_1,43.303920000000005,-1.8835600000000001,124
shp_1_1,43.30389,-1.88355,125
shp_1_1,43.30388000000001,-1.88355,126
shp_1_1,43.30386,-1.8835400000000002,127
shp_1_1,43.303850000000004,-1.8835400000000002,128
shp_1_1,43.303830000000005,-1.8835300000000001,129
shp_1_1,43.30382,-1.88352,130
shp_1_1,43.3038,-1.8835100000000002,131
shp_1_1,43.303790000000006,-1.88349,132
shp_1_1,43.30378,-1.88348,133
shp_1_1,43.30377,-1.8834600000000001,134
shp_1_1,43.303760000000004,-1.88345,135
shp_1_1,43.30375,-1.8834300000000002,136
shp_1_1,43.303740000000005,-1.8834100000000003,137
shp_1_1,43.303740000000005,-1.8833900000000001,138
shp_1_1,43.30373,-1.88338,139
shp_1_1,43.30373,-1.8833600000000001,140
shp_1_1,43.303720000000006,-1.8833400000000002,141
shp_1_1,43.303380000000004,-1.8829900000000002,142
shp_1_1,43.30333,-1.8829300000000002,143
shp_1_1,43.3033,-1.88288,144
shp_1_1,43.30324,-1.8828200000000002,145
shp_1_1,43.30319,-1.8827900000000002,146
shp_1_1,43.303160000000005,-1.8827600000000002,147
shp_1_1,43.30313,-1.88274,148
shp_1_1,43.30312000000001,-1.88274,149
shp_1_1,43.303050000000006,-1.8827000000000003,150
shp_1_1,43.30268,-1.8825300000000003,151
shp_1_1,43.30232,-1.8823600000000003,152
shp_1_1,43.302110000000006,-1.8822500000000002,153
shp_1_1,43.302110000000006,-1.8822500000000002,154
shp_1_1,43.301820000000006,-1.8821100000000002,155
shp_1_1,43.30162000000001,-1.8820100000000002,156
shp_1_1,43.3012,-1.88182,157
shp_1_1,43.301,-1.8817300000000001,158
shp_1_1,43.30088000000001,-1.8816800000000002,159
shp_1_1,43.300700000000006,-1.8816100000000002,160
shp_1_1,43.300580000000004,-1.8815700000000002,161
shp_1_1,43.30057,-1.8815600000000001,162
shp_1_1,43.300470000000004,-1.8815300000000001,163
shp_1_1,43.30033,-1.8814800000000003,164
shp_1_1,43.300200000000004,-1.8814300000000002,165
shp_1_1,43.30008,-1.8813900000000001,166
shp_1_1,43.299850000000006,-1.8813100000000003,167
shp_1_1,43.299530000000004,-1.88121,168
shp_1_1,43.299400000000006,-1.8811700000000002,169
shp_1_1,43.299440000000004,-1.88098,170
shp_1_1,43.299440000000004,-1.8809600000000002,171
shp_1_1,43.299530000000004,-1.8807300000000002,172
shp_1_1,43.29954,-1.88071,173
shp_1_1,43.29954,-1.88071,174
shp_1_1,43.29956000000001,-1.8806300000000002,175
shp_1_1,43.299620000000004,-1.8804900000000002,176
shp_1_1,43.2997,-1.8803100000000001,177
shp_1_1,43.29975,-1.8801700000000001,178
shp_1_1,43.29984,-1.8799500000000002,179
shp_1_1,43.299910000000004,-1.8797700000000002,180
shp_1_1,43.29995,-1.8796800000000002,181
shp_1_1,43.30003000000001,-1.8795400000000002,182
shp_1_1,43.300180000000005,-1.8793300000000002,183
shp_1_1,43.30031,-1.8791600000000002,184
shp_1_1,43.30044,-1.87898,185
shp_1_1,43.30033,-1.8788300000000002,186
shp_1_1,43.30013,-1.87857,187
shp_1_1,43.299760000000006,-1.87806,188
shp_1_1,43.299670000000006,-1.8779400000000002,189
shp_1_1,43.29966,-1.8779200000000003,190
shp_1_1,43.29927000000001,-1.8774100000000002,191
shp_1_1,43.2989,-1.8769200000000001,192
shp_1_1,43.29889,-1.8769000000000002,193
shp_1_1,43.298840000000006,-1.87684,194
shp_1_1,43.298790000000004,-1.8767800000000001,195
shp_1_1,43.298750000000005,-1.87674,196
shp_1_1,43.29872,-1.8767000000000003,197
shp_1_1,43.298640000000006,-1.8766,198
shp_1_1,43.29858,-1.8765500000000002,199
shp_1_1,43.29851,-1.8765,200
shp_1_1,43.29845,-1.87647,201
shp_1_1,43.298480000000005,-1.8763,202
shp_1_1,43.298500000000004,-1.87606,203
shp_1_1,43.298500000000004,-1.87606,204
shp_1_1,43.298480000000005,-1.8763,205
shp_1_1,43.29845,-1.87647,206
shp_1_1,43.298190000000005,-1.8762800000000002,207
shp_1_1,43.29813,-1.87623,208
shp_1_1,43.298030000000004,-1.87616,209
shp_1_1,43.297990000000006,-1.8761200000000002,210
shp_1_1,43.29795,-1.8760700000000001,211
shp_1_1,43.29791,-1.8760100000000002,212
shp_1_1,43.29782,-1.8758500000000002,213
shp_1_1,43.2978,-1.8758000000000001,214
shp_1_1,43.297760000000004,-1.8756700000000002,215
shp_1_1,43.29769,-1.8754000000000002,216
shp_1_1,43.2976,-1.8750700000000002,217
shp_1_1,43.29755,-1.87491,218
shp_1_1,43.29746,-1.8746600000000002,219
shp_1_1,43.2974,-1.8745200000000002,220
shp_1_1,43.297340000000005,-1.8743600000000002,221
shp_1_1,43.29730000000001,-1.8742800000000002,222
shp_1_1,43.297250000000005,-1.8741800000000002,223
shp_1_1,43.29717,-1.8740200000000002,224
shp_1_1,43.29711,-1.8739100000000002,225
shp_1_1,43.29701,-1.8737300000000001,226
shp_1_1,43.296960000000006,-1.8736400000000002,227
shp_1_1,43.296760000000006,-1.87328,228
shp_1_1,43.29666,-1.8731000000000002,229
shp_1_1,43.296580000000006,-1.8729500000000001,230
shp_1_1,43.29657,-1.87294,231
shp_1_1,43.29643,-1.8726600000000002,232
shp_1_1,43.296310000000005,-1.87244,233
shp_1_1,43.296240000000004,-1.8723,234
shp_1_1,43.29618000000001,-1.8721900000000002,235
shp_1_1,43.296150000000004,-1.8721400000000001,236
shp_1_1,43.296060000000004,-1.8719500000000002,237
shp_1_1,43.296060000000004,-1.8719500000000002,238
shp_1_1,43.296040000000005,-1.8719200000000003,239
shp_1_1,43.29596,-1.8717400000000002,240
shp_1_1,43.295930000000006,-1.87169,241
shp_1_1,43.29587,-1.87159,242
shp_1_1,43.29576,-1.8714000000000002,243
shp_1_1,43.295750000000005,-1.8714000000000002,244
shp_1_1,43.29569,-1.87132,245
shp_1_1,43.295590000000004,-1.8712000000000002,246
shp_1_1,43.29538,-1.87098,247
shp_1_1,43.29525,-1.8708500000000001,248
shp_1_1,43.29524000000001,-1.8708500000000001,249
shp_1_1,43.295190000000005,-1.87078,250
shp_1_1,43.295120000000004,-1.8706900000000002,251
shp_1_1,43.295100000000005,-1.87067,252
shp_1_1,43.29506000000001,-1.8706200000000002,253
shp_1_1,43.295010000000005,-1.8705100000000001,254
shp_1_1,43.294830000000005,-1.87003,255
shp_1_1,43.29473,-1.8697500000000002,256
shp_1_1,43.29466,-1.86959,257
shp_1_1,43.29457,-1.86935,258
shp_1_1,43.294410000000006,-1.8689200000000001,259
shp_1_1,43.294320000000006,-1.8686800000000001,260
shp_1_1,43.29430000000001,-1.8686200000000002,261
shp_1_1,43.294290000000004,-1.8685900000000002,262
shp_1_1,43.29413,-1.8681800000000002,263
shp_1_1,43.2941,-1.8681100000000002,264
shp_1_1,43.29408,-1.8680400000000001,265
shp_1_1,43.29406,-1.868,266
shp_1_1,43.29403000000001,-1.8679500000000002,267
shp_1_1,43.293960000000006,-1.86779,268
shp_1_1,43.293890000000005,-1.8676700000000002,269
shp_1_1,43.29384,-1.8675700000000002,270
shp_1_1,43.29341,-1.86671,271
shp_1_1,43.29339,-1.86667,272
shp_1_1,43.29334,-1.8665500000000002,273
shp_1_1,43.293310000000005,-1.8665100000000001,274
shp_1_1,43.293290000000006,-1.8664600000000002,275
shp_1_1,43.29327000000001,-1.8664100000000001,276
shp_1_1,43.29325,-1.8663600000000002,277
shp_1_1,43.29323,-1.8662900000000002,278
shp_1_1,43.29319,-1.86617,279
shp_1_1,43.29314,-1.866,280
shp_1_1,43.29307,-1.8657700000000002,281
shp_1_1,43.29301,-1.8655300000000001,282
shp_1_1,43.293000000000006,-1.8655300000000001,283
shp_1_1,43.29299,-1.8655300000000001,284
shp_1_1,43.29298,-1.8655300000000001,285
shp_1_1,43.292970000000004,-1.8655300000000001,286
shp_1_1,43.29296,-1.8655300000000001,287
shp_1_1,43.292950000000005,-1.8655300000000001,288
shp_1_1,43.29294,-1.8655300000000001,289
shp_1_1,43.292930000000005,-1.86552,290
shp_1_1,43.29292,-1.86552,291
shp_1_1,43.29292,-1.8655100000000002,292
shp_1_1,43.292910000000006,-1.8655100000000002,293
shp_1_1,43.292910000000006,-1.8655000000000002,294
shp_1_1,43.2929,-1.8655000000000002,295
shp_1_1,43.2929,-1.86549,296
shp_1_1,43.29289000000001,-1.8654800000000002,297
shp_1_1,43.29289000000001,-1.8654700000000002,298
shp_1_1,43.292880000000004,-1.8654700000000002,299
shp_1_1,43.292880000000004,-1.8654600000000001,300
shp_1_1,43.292880000000004,-1.86545,301
shp_1_1,43.292880000000004,-1.8654400000000002,302
shp_1_1,43.29287,-1.8654400000000002,303
shp_1_1,43.29287,-1.8654300000000001,304
shp_1_1,43.29287,-1.86542,305
shp_1_1,43.29287,-1.8654100000000002,306
shp_1_1,43.29287,-1.8654000000000002,307
shp_1_1,43.29287,-1.86539,308
shp_1_1,43.29287,-1.8653800000000003,309
shp_1_1,43.29287,-1.8653700000000002,310
shp_1_1,43.29287,-1.8653600000000001,311
shp_1_1,43.29287,-1.86535,312
shp_1_1,43.292880000000004,-1.8653400000000002,313
shp_1_1,43.292880000000004,-1.8653300000000002,314
shp_1_1,43.292880000000004,-1.86532,315
shp_1_1,43.29289000000001,-1.8653100000000002,316
shp_1_1,43.29289000000001,-1.8653000000000002,317
shp_1_1,43.2929,-1.8653000000000002,318
shp_1_1,43.2929,-1.8652900000000001,319
shp_1_1,43.292910000000006,-1.86528,320
shp_1_1,43.29292,-1.8652700000000002,321
shp_1_1,43.292930000000005,-1.8652700000000002,322
shp_1_1,43.292930000000005,-1.8652600000000001,323
shp_1_1,43.29294,-1.8652600000000001,324
shp_1_1,43.292950000000005,-1.8652600000000001,325
shp_1_1,43.292860000000005,-1.8650400000000003,326
shp_1_1,43.29280000000001,-1.8648900000000002,327
shp_1_1,43.29278,-1.8648200000000001,328
shp_1_1,43.29276,-1.86474,329
shp_1_1,43.29276,-1.8647200000000002,330
shp_1_1,43.29276,-1.8647200000000002,331
shp_1_1,43.29265,-1.86433,332
shp_1_1,43.29263,-1.86427,333
shp_1_1,43.2926,-1.8641600000000003,334
shp_1_1,43.292590000000004,-1.8641,335
shp_1_1,43.292590000000004,-1.8640900000000002,336
shp_1_1,43.29258,-1.8640500000000002,337
shp_1_1,43.292570000000005,-1.864,338
shp_1_1,43.29256,-1.8639500000000002,339
shp_1_1,43.29256,-1.86389,340
shp_1_1,43.292550000000006,-1.8638200000000003,341
shp_1_1,43.29254,-1.86376,342
shp_1_1,43.29254,-1.8636800000000002,343
shp_1_1,43.292530000000006,-1.8636100000000002,344
shp_1_1,43.29252,-1.8634100000000002,345
shp_1_1,43.29251,-1.8632100000000003,346
shp_1_1,43.29251,-1.8630400000000003,347
shp_1_1,43.292500000000004,-1.86281,348
shp_1_1,43.29249,-1.8626600000000002,349
shp_1_1,43.29247,-1.8621600000000003,350
shp_1_1,43.292440000000006,-1.8613000000000002,351
shp_1_1,43.292440000000006,-1.86105,352
shp_1_1,43.29243,-1.86057,353
shp_1_1,43.29243,-1.8602200000000002,354
shp_1_1,43.29243,-1.86017,355
shp_1_1,43.29243,-1.85976,356
shp_1_1,43.292440000000006,-1.85952,357
shp_1_1,43.29242000000001,-1.8590700000000002,358
shp_1_1,43.29242000000001,-1.8590700000000002,359
shp_1_1,43.292440000000006,-1.85952,360
shp_1_1,43.29243,-1.85976,361
shp_1_1,43.29251,-1.85976,362
shp_1_1,43.29254,-1.85976,363
shp_1_1,43.292570000000005,-1.85976,364
shp_1_1,43.2926,-1.85976,365
shp_1_1,43.29261,-1.8597500000000002,366
shp_1_1,43.29262000000001,-1.8597500000000002,367
shp_1_1,43.292640000000006,-1.8597400000000002,368
shp_1_1,43.29267,-1.8597200000000003,369
shp_1_1,43.29269,-1.85969,370
shp_1_1,43.29272,-1.8596700000000002,371
shp_1_1,43.29274,-1.8596400000000002,372
shp_1_1,43.29276,-1.8596100000000002,373
shp_1_1,43.29278,-1.8595800000000002,374
shp_1_1,43.29281,-1.85952,375
shp_1_1,43.292820000000006,-1.85949,376
shp_1_1,43.29283,-1.85945,377
shp_1_1,43.292840000000005,-1.8594100000000002,378
shp_1_1,43.29285,-1.8593600000000001,379
shp_1_1,43.292860000000005,-1.85929,380
shp_1_1,43.29287,-1.85922,381
shp_1_1,43.292910000000006,-1.8588700000000002,382
shp_1_1,43.29292,-1.8587500000000001,383
shp_1_1,43.29294,-1.85867,384
shp_1_1,43.29294,-1.8586500000000001,385
shp_1_1,43.29296,-1.8585300000000002,386
shp_1_1,43.29299,-1.85844,387
shp_1_1,43.293000000000006,-1.85837,388
shp_1_1,43.293040000000005,-1.85823,389
shp_1_1,43.2931,-1.8580500000000002,390
shp_1_1,43.29312,-1.8579800000000002,391
shp_1_1,43.29314,-1.8579,392
shp_1_1,43.29321,-1.8577400000000002,393
shp_1_1,43.29325,-1.8576400000000002,394
shp_1_1,43.293290000000006,-1.8575500000000003,395
shp_1_1,43.293290000000006,-1.8575400000000002,396
shp_1_1,43.293330000000005,-1.85746,397
shp_1_1,43.29339,-1.8573400000000002,398
shp_1_1,43.293400000000005,-1.8573300000000001,399
shp_1_1,43.293400000000005,-1.8573300000000001,400
shp_1_1,43.29346,-1.8572300000000002,401
shp_1_1,43.2935,-1.8571600000000001,402
shp_1_1,43.293510000000005,-1.85715,403
shp_1_1,43.29355,-1.8571000000000002,404
shp_1_1,43.29357,-1.8570700000000002,405
shp_1_1,43.29359,-1.85705,406
shp_1_1,43.29361,-1.8570400000000002,407
shp_1_1,43.293620000000004,-1.8570300000000002,408
shp_1_1,43.29363,-1.8570200000000001,409
shp_1_1,43.29364,-1.8570200000000001,410
shp_1_1,43.29365000000001,-1.8570200000000001,411
shp_1_1,43.293670000000006,-1.8570200000000001,412
shp_1_1,43.29368,-1.8570200000000001,413
shp_1_1,43.293690000000005,-1.8570200000000001,414
shp_1_1,43.2937,-1.8570300000000002,415
shp_1_1,43.29377,-1.8570900000000001,416
shp_1_1,43.29381,-1.85712,417
shp_1_1,43.293850000000006,-1.85715,418
shp_1_1,43.2939,-1.8571900000000001,419
shp_1_1,43.29395,-1.8572100000000002,420
shp_1_1,43.293980000000005,-1.85722,421
shp_1_1,43.294000000000004,-1.85722,422
shp_1_1,43.29406,-1.8572300000000002,423
shp_1_1,43.29411,-1.8572300000000002,424
shp_1_1,43.29424,-1.8572400000000002,425
shp_1_1,43.29433,-1.8572400000000002,426
shp_1_1,43.29478,-1.8572600000000001,427
shp_1_1,43.294830000000005,-1.8572700000000002,428
shp_1_1,43.294850000000004,-1.8572700000000002,429
shp_1_1,43.29487,-1.8572700000000002,430
shp_1_1,43.294900000000005,-1.85728,431
shp_1_1,43.295030000000004,-1.8573400000000002,432
shp_1_1,43.295190000000005,-1.8574000000000002,433
shp_1_1,43.29529,-1.8574400000000002,434
shp_1_1,43.29549,-1.85752,435
shp_1_1,43.2956,-1.8575700000000002,436
shp_1_1,43.29572,-1.8576300000000001,437
shp_1_1,43.29583,-1.8577000000000001,438
shp_1_1,43.29599,-1.8578000000000001,439
shp_1_1,43.29619,-1.8579400000000001,440
shp_1_1,43.29619,-1.8579400000000001,441
shp_1_1,43.2963,-1.8580200000000002,442
shp_1_1,43.2963,-1.8580100000000002,443
shp_1_1,43.296310000000005,-1.8580100000000002,444
shp_1_1,43.296310000000005,-1.858,445
shp_1_1,43.29632,-1.858,446
shp_1_1,43.296330000000005,-1.858,447
shp_1_1,43.29634,-1.858,448
shp_1_1,43.296350000000004,-1.858,449
shp_1_1,43.29636000000001,-1.858,450
shp_1_1,43.29636000000001,-1.8580100000000002,451
shp_1_1,43.29637,-1.8580100000000002,452
shp_1_1,43.29637,-1.8580200000000002,453
shp_1_1,43.296380000000006,-1.85803,454
shp_1_1,43.296380000000006,-1.8580400000000001,455
shp_1_1,43.296380000000006,-1.8580500000000002,456
shp_1_1,43.29639,-1.8580500000000002,457
shp_1_1,43.29639,-1.85806,458
shp_1_1,43.29639,-1.85807,459
shp_1_1,43.29639,-1.8580800000000002,460
shp_1_1,43.29639,-1.8580900000000002,461
shp_1_1,43.296380000000006,-1.8580900000000002,462
shp_1_1,43.296380000000006,-1.8581,463
shp_1_1,43.296380000000006,-1.8581100000000002,464
shp_1_1,43.296380000000006,-1.8581200000000002,465
shp_1_1,43.29637,-1.8581200000000002,466
shp_1_1,43.29637,-1.85813,467
shp_1_1,43.29636000000001,-1.85813,468
shp_1_1,43.29636000000001,-1.8581400000000001,469
shp_1_1,43.296350000000004,-1.8581400000000001,470
shp_1_1,43.29636000000001,-1.8583,471
shp_1_1,43.296380000000006,-1.8584300000000002,472
shp_1_1,43.29639,-1.85847,473
shp_1_1,43.29641,-1.8585300000000002,474
shp_1_1,43.29643,-1.85857,475
shp_1_1,43.29645,-1.85861,476
shp_1_1,43.29652,-1.85868,477
shp_1_1,43.29657,-1.8587200000000001,478
shp_1_1,43.29663,-1.85878,479
shp_1_1,43.29674000000001,-1.8588600000000002,480
shp_1_1,43.29677,-1.85888,481
shp_1_1,43.2969,-1.8589900000000001,482
shp_1_1,43.29699,-1.85908,483
shp_1_1,43.29711,-1.8591900000000001,484
shp_1_1,43.29719,-1.8592700000000002,485
shp_1_1,43.29722,-1.8593000000000002,486
shp_1_1,43.297270000000005,-1.85935,487
shp_1_1,43.297290000000004,-1.8593800000000003,488
shp_1_1,43.297320000000006,-1.85942,489
shp_1_1,43.297320000000006,-1.8594400000000002,490
shp_1_1,43.297340000000005,-1.85949,491
shp_1_1,43.297360000000005,-1.85959,492
shp_1_1,43.297360000000005,-1.8596300000000001,493
shp_1_1,43.29735,-1.8596800000000002,494
shp_1_1,43.297340000000005,-1.8597700000000001,495
shp_1_1,43.29728,-1.86,496
shp_1_1,43.29721000000001,-1.86023,497
shp_1_1,43.29715,-1.8604300000000003,498
shp_1_1,43.29715,-1.8604600000000002,499
shp_1_1,43.297140000000006,-1.86051,500
shp_1_1,43.297140000000006,-1.8605200000000002,501
shp_1_1,43.297140000000006,-1.86054,502
shp_1_1,43.297140000000006,-1.8605500000000001,503
shp_1_1,43.29715,-1.8605800000000001,504
shp_1_1,43.297160000000005,-1.8606200000000002,505
shp_1_1,43.297250000000005,-1.86088,506
shp_1_1,43.297290000000004,-1.8609700000000002,507
shp_1_1,43.297410000000006,-1.8613000000000002,508
shp_1_1,43.29751,-1.8615700000000002,509
shp_1_1,43.29755,-1.8617100000000002,510
shp_1_1,43.29755,-1.8617100000000002,511
shp_1_1,43.297560000000004,-1.8617700000000001,512
shp_1_1,43.29758,-1.8619400000000002,513
shp_1_1,43.2976,-1.86206,514
shp_1_1,43.297610000000006,-1.86206,515
shp_1_1,43.297610000000006,-1.8620500000000002,516
shp_1_1,43.29762,-1.8620500000000002,517
shp_1_1,43.297630000000005,-1.8620500000000002,518
shp_1_1,43.29764,-1.86206,519
shp_1_1,43.297650000000004,-1.86206,520
shp_1_1,43.29766,-1.86206,521
shp_1_1,43.29766,-1.8620700000000001,522
shp_1_1,43.297670000000004,-1.8620700000000001,523
shp_1_1,43.297670000000004,-1.8620800000000002,524
shp_1_1,43.29768000000001,-1.8620800000000002,525
shp_1_1,43.29768000000001,-1.8620900000000002,526
shp_1_1,43.29768000000001,-1.8621,527
shp_1_1,43.29769,-1.8621,528
shp_1_1,43.29769,-1.8621100000000002,529
shp_1_1,43.29769,-1.8621200000000002,530
shp_1_1,43.29769,-1.86213,531
shp_1_1,43.29769,-1.8621400000000001,532
shp_1_1,43.297700000000006,-1.8621400000000001,533
shp_1_1,43.297700000000006,-1.8621500000000002,534
shp_1_1,43.297700000000006,-1.8621600000000003,535
shp_1_1,43.297700000000006,-1.86217,536
shp_1_1,43.29769,-1.86217,537
shp_1_1,43.29769,-1.8621800000000002,538
shp_1_1,43.29769,-1.8621900000000002,539
shp_1_1,43.29769,-1.8622,540
shp_1_1,43.29768000000001,-1.8622100000000001,541
shp_1_1,43.29771,-1.8622200000000002,542
shp_1_1,43.29777000000001,-1.8622500000000002,543
shp_1_1,43.2978,-1.8622500000000002,544
shp_1_1,43.297880000000006,-1.8622600000000002,545
shp_1_1,43.297900000000006,-1.86227,546
shp_1_1,43.29791,-1.86227,547
shp_1_1,43.29805,-1.8622200000000002,548
shp_1_1,43.29813,-1.86217,549
shp_1_1,43.29822,-1.8621,550
shp_1_1,43.29827,-1.8620700000000001,551
shp_1_1,43.29833000000001,-1.8620100000000002,552
shp_1_1,43.298370000000006,-1.86196,553
shp_1_1,43.298500000000004,-1.8618100000000002,554
shp_1_1,43.29867,-1.86162,555
shp_1_1,43.29881,-1.8614700000000002,556
shp_1_1,43.2989,-1.8613800000000003,557
shp_1_1,43.298970000000004,-1.8612900000000001,558
shp_1_1,43.29900000000001,-1.8612700000000002,559
shp_1_1,43.29901,-1.8612300000000002,560
shp_1_1,43.29903,-1.8612000000000002,561
shp_1_1,43.299040000000005,-1.86118,562
shp_1_1,43.29905,-1.86115,563
shp_1_1,43.29912,-1.8609600000000002,564
shp_1_1,43.299130000000005,-1.86095,565
shp_1_1,43.29919,-1.8608000000000002,566
shp_1_1,43.299200000000006,-1.86078,567
shp_1_1,43.299200000000006,-1.86078,568
shp_1_1,43.299220000000005,-1.8607600000000002,569
shp_1_1,43.299220000000005,-1.86074,570
shp_1_1,43.299260000000004,-1.8606800000000001,571
shp_1_1,43.29927000000001,-1.86071,572
shp_1_1,43.29928,-1.8608200000000001,573
shp_1_1,43.299290000000006,-1.8612300000000002,574
shp_1_1,43.29928,-1.8617000000000001,575
shp_1_1,43.299260000000004,-1.8622500000000002,576
shp_1_1,43.299260000000004,-1.8623200000000002,577
shp_1_1,43.299260000000004,-1.86247,578
shp_1_1,43.299290000000006,-1.8624200000000002,579
shp_1_1,43.299310000000006,-1.86237,580
shp_1_1,43.299350000000004,-1.8623300000000003,581
shp_1_1,43.29939,-1.8623,582
shp_1_1,43.29943,-1.86227,583
shp_1_1,43.29947000000001,-1.8622600000000002,584
shp_1_1,43.299510000000005,-1.8622500000000002,585
shp_1_1,43.29956000000001,-1.8622500000000002,586
shp_1_1,43.299600000000005,-1.8622600000000002,587
shp_1_1,43.299730000000004,-1.86234,588
shp_1_1,43.299800000000005,-1.8623900000000002,589
shp_1_1,43.299910000000004,-1.8624800000000001,590
shp_1_1,43.29992,-1.8624800000000001,591
shp_1_1,43.299980000000005,-1.8625200000000002,592
shp_1_1,43.300160000000005,-1.86261,593
shp_1_1,43.30012000000001,-1.8627600000000002,594
shp_1_1,43.3001,-1.86291,595
shp_1_1,43.3001,-1.8629600000000002,596
shp_1_1,43.3001,-1.8630200000000001,597
shp_1_1,43.3001,-1.86311,598
shp_1_1,43.30013,-1.8633600000000001,599
shp_1_1,43.30015,-1.86352,600
shp_1_1,43.30017,-1.8636400000000002,601
shp_1_1,43.300200000000004,-1.8638100000000002,602
shp_1_1,43.30024,-1.8639900000000003,603
shp_1_1,43.30031,-1.8643100000000001,604
shp_1_1,43.30033,-1.8644500000000002,605
shp_1_1,43.300380000000004,-1.8646900000000002,606
shp_1_1,43.30042,-1.8648500000000001,607
shp_1_1,43.300450000000005,-1.8649700000000002,608
shp_1_1,43.30048,-1.8650900000000001,609
shp_1_1,43.30051,-1.8652400000000002,610
shp_1_1,43.30055,-1.8653700000000002,611
shp_1_1,43.300630000000005,-1.8656400000000002,612
shp_1_1,43.30066,-1.86572,613
shp_1_1,43.30068000000001,-1.8658000000000001,614
shp_1_1,43.30071,-1.8659000000000001,615
shp_1_1,43.30073,-1.86596,616
shp_1_1,43.300790000000006,-1.8661500000000002,617
shp_1_1,43.30089,-1.8664500000000002,618
shp_1_1,43.301010000000005,-1.8666900000000002,619
shp_1_1,43.30109,-1.86681,620
shp_1_1,43.30122,-1.8669700000000002,621
shp_1_1,43.301280000000006,-1.8670200000000001,622
shp_1_1,43.301320000000004,-1.8670600000000002,623
shp_1_1,43.30138,-1.8671000000000002,624
shp_1_1,43.301390000000005,-1.86711,625
shp_1_1,43.30174,-1.8673400000000002,626
shp_1_1,43.3019,-1.8674300000000001,627
shp_1_1,43.302110000000006,-1.86756,628
shp_1_1,43.30223,-1.8676300000000001,629
shp_1_1,43.30243,-1.8677500000000002,630
shp_1_1,43.302730000000004,-1.8679400000000002,631
shp_1_1,43.30277,-1.8679700000000001,632
shp_1_1,43.302910000000004,-1.86806,633
shp_1_1,43.302980000000005,-1.8681100000000002,634
shp_1_1,43.30301,-1.86813,635
shp_1_1,43.30304,-1.86816,636
shp_1_1,43.303090000000005,-1.8682100000000001,637
shp_1_1,43.30321000000001,-1.8683600000000002,638
shp_1_1,43.303250000000006,-1.86844,639
shp_1_1,43.303290000000004,-1.8685300000000002,640
shp_1_1,43.30331,-1.8685800000000001,641
shp_1_1,43.30333,-1.8686600000000002,642
shp_1_1,43.30335,-1.8687000000000002,643
shp_1_1,43.30335,-1.8687300000000002,644
shp_1_1,43.303360000000005,-1.86884,645
shp_1_1,43.30337,-1.8689500000000001,646
shp_1_1,43.30337,-1.8690300000000002,647
shp_1_1,43.30337,-1.8691200000000001,648
shp_1_1,43.30335,-1.86922,649
shp_1_1,43.30333,-1.86932,650
shp_1_1,43.30331,-1.86939,651
shp_1_1,43.3033,-1.8694300000000001,652
shp_1_1,43.30328,-1.8694800000000003,653
shp_1_1,43.30326,-1.8695400000000002,654
shp_1_1,43.30322,-1.8696100000000002,655
shp_1_1,43.303180000000005,-1.8696700000000002,656
shp_1_1,43.30299,-1.86989,657
shp_1_1,43.30266,-1.8702,658
shp_1_1,43.302400000000006,-1.8704500000000002,659
shp_1_1,43.30234,-1.8705200000000002,660
shp_1_1,43.302330000000005,-1.8705200000000002,661
shp_1_1,43.30227,-1.87061,662
shp_1_1,43.30223,-1.8707000000000003,663
shp_1_1,43.302200000000006,-1.8707900000000002,664
shp_1_1,43.30218000000001,-1.87088,665
shp_1_1,43.302170000000004,-1.87094,666
shp_1_1,43.302170000000004,-1.87101,667
shp_1_1,43.302170000000004,-1.8711400000000002,668
shp_1_1,43.30218000000001,-1.87125,669
shp_1_1,43.302200000000006,-1.8713300000000002,670
shp_1_1,43.302220000000005,-1.87138,671
shp_1_1,43.30223,-1.87142,672
shp_1_1,43.30227,-1.8715100000000002,673
shp_1_1,43.302310000000006,-1.87159,674
shp_1_1,43.30234,-1.8716700000000002,675
shp_1_1,43.30246,-1.8719100000000002,676
shp_1_1,43.302530000000004,-1.87206,677
shp_1_1,43.30263,-1.8722800000000002,678
shp_1_1,43.302690000000005,-1.8724100000000001,679
shp_1_1,43.302870000000006,-1.8727800000000001,680
shp_1_1,43.30297,-1.8729900000000002,681
shp_1_1,43.303020000000004,-1.8730700000000002,682
shp_1_1,43.30306,-1.8731700000000002,683
shp_1_1,43.30312000000001,-1.87328,684
shp_1_1,43.30371,-1.8745900000000002,685
shp_1_1,43.303810000000006,-1.8745,686
shp_1_1,43.30387,-1.87447,687
shp_1_1,43.303900000000006,-1.87444,688
shp_1_1,43.30398,-1.8743800000000002,689
shp_1_1,43.30402,-1.8743500000000002,690
shp_1_1,43.304050000000004,-1.8743400000000001,691
shp_1_1,43.30409,-1.8743100000000001,692
shp_1_1,43.304080000000006,-1.87423,693
shp_1_1,43.304050000000004,-1.8741700000000001,694
shp_1_1,43.30391,-1.87386,695
shp_1_1,43.30391,-1.87386,696
shp_1_1,43.304050000000004,-1.8741700000000001,697
shp_1_1,43.304080000000006,-1.87423,698
shp_1_1,43.30409,-1.8743100000000001,699
shp_1_1,43.304050000000004,-1.8743400000000001,700
shp_1_1,43.30402,-1.8743500000000002,701
shp_1_1,43.30398,-1.8743800000000002,702
shp_1_1,43.303900000000006,-1.87444,703
shp_1_1,43.30387,-1.87447,704
shp_1_1,43.303810000000006,-1.8745,705
shp_1_1,43.30371,-1.8745900000000002,706
shp_1_1,43.303920000000005,-1.8750200000000001,707
shp_1_1,43.30404,-1.8752700000000002,708
shp_1_1,43.30407,-1.87532,709
shp_1_1,43.304140000000004,-1.87542,710
shp_1_1,43.30416,-1.8754400000000002,711
shp_1_1,43.30424,-1.8755400000000002,712
shp_1_1,43.30451,-1.8759000000000001,713
shp_1_1,43.30463,-1.8760400000000002,714
shp_1_1,43.304660000000005,-1.8760900000000003,715
shp_1_1,43.30481,-1.8762600000000003,716
shp_1_1,43.30491000000001,-1.8763900000000002,717
shp_1_1,43.30496,-1.87647,718
shp_1_1,43.305020000000006,-1.8765500000000002,719
shp_1_1,43.305060000000005,-1.8766600000000002,720
shp_1_1,43.3051,-1.87674,721
shp_1_1,43.30512,-1.87681,722
shp_1_1,43.30516,-1.87694,723
shp_1_1,43.305200000000006,-1.87708,724
shp_1_1,43.30521,-1.8771000000000002,725
shp_1_1,43.30525,-1.87721,726
shp_1_1,43.30528,-1.8774000000000002,727
shp_1_1,43.305330000000005,-1.8775300000000001,728
shp_1_1,43.30537,-1.87766,729
shp_1_1,43.30541,-1.87776,730
shp_1_1,43.30548,-1.8778800000000002,731
shp_1_1,43.30557,-1.87803,732
shp_1_1,43.305600000000005,-1.8780800000000002,733
shp_1_1,43.30566,-1.8781700000000001,734
shp_1_1,43.30576000000001,-1.8783100000000001,735
shp_1_1,43.305820000000004,-1.8784,736
shp_1_1,43.305870000000006,-1.87847,737
shp_1_1,43.30592,-1.8785300000000003,738
shp_1_1,43.306000000000004,-1.87864,739
shp_1_1,43.30601,-1.8786500000000002,740
shp_1_1,43.306140000000006,-1.8787900000000002,741
shp_1_1,43.306230000000006,-1.8788600000000002,742
shp_1_1,43.30662,-1.87915,743
shp_1_1,43.30678,-1.8792700000000002,744
shp_1_1,43.3068,-1.8792900000000001,745
shp_1_1,43.306990000000006,-1.87945,746
shp_1_1,43.307100000000005,-1.8795300000000001,747
shp_1_1,43.30726000000001,-1.87952,748
shp_1_1,43.30731,-1.8795100000000002,749
shp_1_1,43.307390000000005,-1.8795300000000001,750
shp_1_1,43.307480000000005,-1.8794800000000003,751
shp_1_1,43.307500000000005,-1.8794700000000002,752
shp_1_1,43.307550000000006,-1.87945,753
shp_1_1,43.307640000000006,-1.8793000000000002,754
shp_1_1,43.3078,-1.8790300000000002,755
shp_1_1,43.30796,-1.8787200000000002,756
shp_1_1,43.30805,-1.8785100000000001,757
shp_1_1,43.308110000000006,-1.8783800000000002,758
shp_1_1,43.30814,-1.8783200000000002,759
shp_1_1,43.30816,-1.8782800000000002,760
shp_1_1,43.30818,-1.8782600000000003,761
shp_1_1,43.30823,-1.87823,762
shp_1_1,43.30829000000001,-1.8781900000000002,763
shp_1_1,43.3083,-1.87799,764
shp_1_1,43.308400000000006,-1.87752,765
shp_1_1,43.30843,-1.87742,766
shp_1_1,43.308440000000004,-1.8772900000000001,767
shp_1_1,43.308460000000004,-1.87705,768
shp_1_1,43.30848,-1.8767200000000002,769
shp_1_1,43.30834,-1.8765600000000002,770
shp_1_1,43.308040000000005,-1.8762100000000002,771
shp_1_1,43.308020000000006,-1.8761900000000002,772
shp_1_1,43.30794,-1.8760900000000003,773
shp_1_1,43.307930000000006,-1.8760800000000002,774
shp_1_1,43.30787,-1.8760000000000001,775
shp_1_1,43.30785,-1.8759800000000002,776
shp_1_1,43.30783,-1.8759500000000002,777
shp_1_1,43.3078,-1.8759100000000002,778
shp_1_1,43.307770000000005,-1.8758800000000002,779
shp_1_1,43.307680000000005,-1.8757300000000001,780
shp_1_1,43.307640000000006,-1.8756700000000002,781
shp_1_1,43.307590000000005,-1.87555,782
shp_1_1,43.307590000000005,-1.87552,783
shp_1_1,43.307570000000005,-1.8754400000000002,784
shp_1_1,43.30756,-1.8753300000000002,785
shp_1_1,43.30756,-1.8752700000000002,786
shp_1_1,43.307570000000005,-1.87522,787
shp_1_1,43.30758,-1.8751200000000001,788
shp_1_1,43.30763,-1.87498,789
shp_1_1,43.307700000000004,-1.8748200000000002,790
shp_1_1,43.307790000000004,-1.8746200000000002,791
shp_1_1,43.307790000000004,-1.87461,792
shp_1_1,43.307880000000004,-1.87444,793
shp_1_1,43.30791000000001,-1.8743900000000002,794
shp_1_1,43.30794,-1.8743400000000001,795
shp_1_1,43.30798,-1.8743,796
shp_1_1,43.30803,-1.87427,797
shp_1_1,43.308060000000005,-1.8742400000000001,798
shp_1_1,43.308130000000006,-1.87416,799
shp_1_1,43.308170000000004,-1.87413,800
shp_1_1,43.30820000000001,-1.8741100000000002,801
shp_1_1,43.308240000000005,-1.8741,802
shp_1_1,43.30834,-1.8740900000000003,803
shp_1_1,43.308420000000005,-1.8740800000000002,804
shp_1_1,43.308530000000005,-1.8740800000000002,805
shp_1_1,43.308780000000006,-1.87406,806
shp_1_1,43.30894000000001,-1.87406,807
shp_1_1,43.3091,-1.8740400000000002,808
shp_1_1,43.30917,-1.8740200000000002,809
shp_1_1,43.30922,-1.874,810
shp_1_1,43.309270000000005,-1.8739800000000002,811
shp_1_1,43.3093,-1.8739500000000002,812
shp_1_1,43.30932000000001,-1.87393,813
shp_1_1,43.309340000000006,-1.8739000000000001,814
shp_1_1,43.30935,-1.87386,815
shp_1_1,43.30937,-1.8738100000000002,816
shp_1_1,43.309380000000004,-1.87376,817
shp_1_1,43.30939,-1.8737000000000001,818
shp_1_1,43.30939,-1.8736500000000003,819
shp_1_1,43.30939,-1.87359,820
shp_1_1,43.309380000000004,-1.87355,821
shp_1_1,43.309380000000004,-1.87355,822
shp_1_1,43.30939,-1.87359,823
shp_1_1,43.30939,-1.8736500000000003,824
shp_1_1,43.30939,-1.8737000000000001,825
shp_1_1,43.309380000000004,-1.87376,826
shp_1_1,43.30937,-1.8738100000000002,827
shp_1_1,43.30935,-1.87386,828
shp_1_1,43.309340000000006,-1.8739000000000001,829
shp_1_1,43.30932000000001,-1.87393,830
shp_1_1,43.3093,-1.8739500000000002,831
shp_1_1,43.309270000000005,-1.8739800000000002,832
shp_1_1,43.30922,-1.874,833
shp_1_1,43.30917,-1.8740200000000002,834
shp_1_1,43.3091,-1.8740400000000002,835
shp_1_1,43.30894000000001,-1.87406,836
shp_1_1,43.308780000000006,-1.87406,837
shp_1_1,43.308530000000005,-1.8740800000000002,838
shp_1_1,43.308420000000005,-1.8740800000000002,839
shp_1_1,43.30834,-1.8740900000000003,840
shp_1_1,43.308240000000005,-1.8741,841
shp_1_1,43.30820000000001,-1.8741100000000002,842
shp_1_1,43.308170000000004,-1.87413,843
shp_1_1,43.308130000000006,-1.87416,844
shp_1_1,43.308060000000005,-1.8742400000000001,845
shp_1_1,43.30803,-1.87427,846
shp_1_1,43.30798,-1.8743,847
shp_1_1,43.30794,-1.8743400000000001,848
shp_1_1,43.30791000000001,-1.8743900000000002,849
shp_1_1,43.307880000000004,-1.87444,850
shp_1_1,43.307790000000004,-1.87461,851
shp_1_1,43.307790000000004,-1.8746200000000002,852
shp_1_1,43.307700000000004,-1.8748200000000002,853
shp_1_1,43.30763,-1.87498,854
shp_1_1,43.30758,-1.8751200000000001,855
shp_1_1,43.307570000000005,-1.87522,856
shp_1_1,43.30756,-1.8752700000000002,857
shp_1_1,43.30756,-1.8753300000000002,858
shp_1_1,43.307570000000005,-1.8754400000000002,859
shp_1_1,43.307590000000005,-1.87552,860
shp_1_1,43.307590000000005,-1.87555,861
shp_1_1,43.307640000000006,-1.8756700000000002,862
shp_1_1,43.307680000000005,-1.8757300000000001,863
shp_1_1,43.307770000000005,-1.8758800000000002,864
shp_1_1,43.3078,-1.8759100000000002,865
shp_1_1,43.30783,-1.8759500000000002,866
shp_1_1,43.30785,-1.8759800000000002,867
shp_1_1,43.30787,-1.8760000000000001,868
shp_1_1,43.307930000000006,-1.8760800000000002,869
shp_1_1,43.30794,-1.8760900000000003,870
shp_1_1,43.308020000000006,-1.8761900000000002,871
shp_1_1,43.308040000000005,-1.8762100000000002,872
shp_1_1,43.30834,-1.8765600000000002,873
shp_1_1,43.30848,-1.8767200000000002,874
